Topic_id	QL	SUM_DF	SUM_IDF
451	2	59.0	7.556058783448481
452	4	395.0	11.49646735025806
453	1	16.0	4.102643365036796
454	2	109.0	6.767601423084212
455	6	608.0	13.249324020816516
456	4	678.0	7.916859714079247
457	2	47.0	7.543888247828226
458	1	7.0	4.929321938221264
459	3	101.0	11.193573264178681
460	1	12.0	4.390325437488577
461	2	46.0	7.48706591196153
462	4	799.0	8.119235317541186
463	1	2.0	6.182084906716632
464	2	38.0	8.007460986743672
465	1	28.0	3.543027577101373
466	4	542.0	12.11630199818654
467	4	73.0	18.688084915589116
468	3	158.0	10.398387590225948
469	2	19.0	9.273127360074948
470	1	10.0	4.572646994282532
471	3	267.0	7.858009825701462
472	3	78.0	11.556919454175336
473	3	118.0	9.730810504932643
474	4	570.0	12.92854914189098
475	2	11.0	4.477336814478207
476	2	25.0	8.780650874977153
477	4	164.0	13.719760819564579
478	1	41.0	3.161660020572269
479	5	776.0	14.18469370367979
480	3	282.0	7.492511645793819
481	3	57.0	11.841840365185789
482	5	542.0	12.004121141980985
483	2	19.0	9.25065450422289
484	2	61.0	7.516053448834783
485	2	46.0	7.689007255625137
486	3	59.0	11.960600440489998
487	1	0.0	0.0
488	3	264.0	7.989465895601021
489	1	23.0	3.7397378713474274
490	3	131.0	10.602649474235964
491	2	76.0	6.4780657819831085
492	3	391.0	7.619774570094046
493	1	19.0	3.9307931081101364
494	1	9.0	4.6780075099403575
495	4	769.0	9.317395967629384
496	1	12.0	4.390325437488577
497	1	14.0	4.236174757661319
498	2	75.0	7.122422798373622
499	2	55.0	7.568379267836523
500	2	76.0	6.670437674630564
501	3	116.0	11.077884152899252
502	2	96.0	6.08424224889043
503	2	33.0	8.54645748747636
504	3	546.0	7.906560497593375
505	3	47.0	12.580107981026202
506	2	218.0	5.862504837953209
507	2	45.0	7.719778914291891
508	4	254.0	11.769315515343873
509	2	184.0	5.853911472910114
510	4	731.0	9.32362651738002
511	3	159.0	8.929449739732464
512	2	47.0	7.473820685211509
513	1	13.0	4.31028272981504
514	3	427.0	6.796877650141724
515	3	98.0	10.22653733329929
516	1	15.0	4.167181886174367
517	3	127.0	10.224468325076268
518	5	680.0	11.503216356813034
519	3	313.0	7.9779808820728055
520	3	177.0	9.761480127988879
521	4	507.0	9.52238632423605
522	5	366.0	14.972242700350266
523	4	419.0	9.69515456307938
524	2	14.0	10.253956613086675
525	3	535.0	5.8030573245198305
526	1	9.0	4.6780075099403575
527	3	300.0	9.252722757286948
528	4	118.0	15.147125591551799
529	2	214.0	6.230229618078527
530	3	243.0	10.82756922495143
531	0	0.0	0.0
532	1	14.0	4.236174757661319
533	4	489.0	10.180793261573607
534	3	88.0	10.689160855247403
535	3	198.0	8.31041053132624
536	3	108.0	10.580709147019903
537	3	346.0	7.706482650244737
538	1	13.0	4.31028272981504
539	3	93.0	10.478478524371004
540	3	221.0	8.839694876797083
541	3	155.0	9.778769845500436
542	4	578.0	8.089070649756525
543	2	44.0	7.921518556942948
544	2	125.0	6.142586101274646
545	5	394.0	14.714455757563742
546	2	36.0	7.997891535727521
547	2	23.0	8.882929724097572
548	5	563.0	12.844717948581772
549	4	353.0	10.769007984697097
550	2	298.0	5.081924230642393
