WTX092-B49-42 1 -14.9782 573
WTX095-B05-124 2 -15.0663 201
WTX064-B48-188 3 -15.1195 1176
WTX008-B37-10 4 -15.1223 212
WTX064-B48-194 5 -15.1953 1241
WTX003-B26-249 6 -15.2014 1803
WTX031-B22-288 7 -15.253 361
WTX059-B37-149 8 -15.3949 1335
WTX064-B48-198 9 -15.4085 1323
WTX065-B35-47 10 -15.5234 1582
WTX018-B28-131 1 -11.9303 487
WTX015-B14-194 2 -12.0124 942
WTX098-B28-398 3 -12.0354 313
WTX058-B21-148 4 -12.1422 1437
WTX043-B28-484 5 -12.1798 1364
WTX083-B29-216 6 -12.2217 336
WTX034-B13-46 7 -12.2463 41
WTX090-B10-35 8 -12.2489 1654
WTX009-B03-265 9 -12.2561 589
WTX094-B13-162 10 -12.2998 1274
WTX074-B24-126 1 -4.62853 3321
WTX017-B07-42 2 -5.00076 833
WTX006-B07-39 3 -5.10851 2379
WTX029-B04-166 4 -5.28819 519
WTX087-B09-77 5 -5.29205 114
WTX037-B08-141 6 -5.30089 596
WTX018-B15-174 7 -5.30155 604
WTX069-B45-73 8 -5.35497 279
WTX089-B02-506 9 -5.3608 526
WTX074-B33-228 10 -5.41108 499
WTX046-B08-137 1 -5.54046 878
WTX086-B28-220 2 -5.62704 7749
WTX017-B12-261 3 -5.63869 556
WTX082-B28-321 4 -5.66019 2152
WTX017-B18-5 5 -5.6705 600
WTX058-B06-139 6 -5.79405 240
WTX078-B26-16 7 -5.79588 659
WTX029-B29-402 8 -5.81471 1654
WTX008-B08-270 9 -5.82077 922
WTX094-B50-137 10 -5.83413 1359
WTX016-B04-33 1 -12.639 1036
WTX016-B04-40 2 -12.8086 479
WTX016-B04-39 3 -12.8302 466
WTX016-B04-36 4 -12.8775 503
WTX093-B23-49 5 -12.9022 927
WTX015-B43-219 6 -12.9243 520
WTX016-B04-31 7 -12.9465 1169
WTX016-B04-37 8 -13.0165 347
WTX016-B04-35 9 -13.0369 404
WTX016-B04-30 10 -13.0463 525
WTX098-B12-312 1 -12.9634 2846
WTX038-B39-79 2 -13.0395 1593
WTX096-B20-297 3 -13.052 357
WTX002-B04-138 4 -13.0581 319
WTX006-B35-310 5 -13.0826 390
WTX091-B22-292 6 -13.0846 1165
WTX041-B08-26 7 -13.0864 1095
WTX032-B32-435 8 -13.1225 225
WTX066-B48-176 9 -13.1283 900
WTX031-B21-232 10 -13.1397 909
WTX096-B49-220 1 -4.26121 1916
WTX024-B46-156 2 -4.35353 4702
WTX076-B04-125 3 -4.85061 2251
WTX076-B04-173 4 -5.33999 2467
WTX002-B04-82 5 -5.34161 9414
WTX076-B04-170 6 -5.3811 2277
WTX076-B04-150 7 -5.40726 2544
WTX096-B49-292 8 -5.41086 678
WTX076-B04-118 9 -5.41157 2248
WTX076-B04-168 10 -5.412 2248
WTX013-B20-65 1 -3.73714 5984
WTX046-B45-67 2 -3.73714 5984
WTX066-B44-200 3 -3.81654 5120
WTX074-B23-274 4 -4.07224 1465
WTX006-B31-58 5 -4.13792 2767
WTX002-B24-100 6 -4.21352 866
WTX065-B49-47 7 -4.26154 28357
WTX006-B31-241 8 -4.26192 2050
WTX065-B49-33 9 -4.32148 16036
WTX006-B32-45 10 -4.33284 1666
WTX033-B42-85 1 -14.9692 1293
WTX099-B36-27 2 -15.0327 2254
WTX088-B21-93 3 -15.0545 996
WTX049-B28-59 4 -15.0545 1002
WTX041-B02-69 5 -15.0633 1006
WTX083-B21-16 6 -15.0859 1714
WTX083-B21-19 7 -15.1315 922
WTX065-B25-192 8 -15.1858 752
WTX065-B26-20 9 -15.1866 1352
WTX083-B05-74 10 -15.1872 951
WTX073-B24-148 1 -16.1163 433
WTX086-B23-142 2 -16.1338 1549
WTX002-B15-83 3 -16.1741 2188
WTX042-B41-187 4 -16.1872 1180
WTX091-B04-520 5 -16.192 255
WTX042-B41-156 6 -16.1953 943
WTX032-B15-25 7 -16.1954 1071
WTX080-B50-290 8 -16.1959 1629
WTX082-B06-39 9 -16.1976 1125
WTX082-B05-192 10 -16.201 877
WTX091-B19-269 1 -5.5385 663
WTX028-B48-193 2 -5.62157 153
WTX066-B17-252 3 -5.93073 140
WTX032-B42-1 4 -6.17732 606
WTX004-B02-375 5 -6.30964 285
WTX044-B14-224 6 -6.46193 740
WTX034-B03-171 7 -6.72673 902
WTX025-B09-129 8 -6.75252 2245
WTX076-B07-55 9 -6.85818 2434
WTX073-B30-430 10 -7.16193 847
WTX016-B45-166 1 -8.42007 1672
WTX066-B08-237 2 -8.43481 2621
WTX035-B36-325 3 -8.5144 430
WTX070-B27-105 4 -8.54752 603
WTX018-B09-2 5 -8.5708 275
WTX003-B42-216 6 -8.58279 3994
WTX013-B42-40 7 -8.59425 22932
WTX038-B04-298 8 -8.61856 2101
WTX032-B10-226 9 -8.62864 1067
WTX074-B17-47 10 -8.63401 5035
WTX099-B03-247 1 -8.88197 5042
WTX068-B19-189 2 -8.89508 5012
WTX079-B03-221 1 -5.92088 695
WTX048-B49-241 2 -6.23027 121
WTX084-B16-19 3 -6.25521 2437
WTX019-B25-146 4 -6.38991 751
WTX034-B31-15 5 -6.40829 1981
WTX036-B31-266 6 -6.48216 579
WTX096-B44-356 7 -6.56796 3328
WTX085-B20-194 8 -6.62839 2026
WTX036-B31-141 9 -6.63734 291
WTX086-B09-334 10 -6.68988 2715
WTX037-B44-86 1 -4.1385 792
WTX016-B38-185 2 -4.37808 33520
WTX090-B18-18 3 -4.47809 5408
WTX094-B13-144 4 -4.55462 2601
WTX017-B02-266 5 -4.56213 1319
WTX091-B30-315 6 -4.57066 1656
WTX037-B44-125 7 -4.58867 696
WTX036-B03-254 8 -4.61422 1349
WTX080-B19-252 9 -4.62086 1280
WTX040-B44-15 10 -4.62679 1151
WTX098-B36-378 1 -11.6837 312
WTX099-B04-187 2 -11.6885 1058
WTX017-B36-187 3 -11.8878 1108
WTX003-B40-273 4 -11.9711 628
WTX031-B41-278 5 -11.9831 406
WTX018-B15-3 6 -11.9901 1225
WTX031-B42-6 7 -11.9937 449
WTX065-B11-264 8 -12.0136 734
WTX017-B50-428 9 -12.0274 935
WTX017-B36-186 10 -12.0324 1323
WTX073-B13-69 1 -7.06618 520
WTX074-B09-160 2 -7.0715 879
WTX065-B35-89 3 -7.48569 2688
WTX059-B25-44 4 -8.0407 593
WTX085-B35-222 5 -8.07659 3486
WTX095-B20-200 6 -8.13148 722
WTX033-B39-205 7 -8.30985 2285
WTX102-B33-62 8 -8.37483 1186
WTX003-B26-240 9 -8.44775 3269
WTX012-B21-19 10 -8.49208 684
WTX092-B44-128 1 -5.06849 4012
WTX061-B23-320 2 -5.31859 4384
WTX010-B05-117 3 -5.96693 933
WTX045-B47-257 4 -6.03048 475
WTX034-B25-362 5 -6.04701 1444
WTX055-B38-87 6 -6.10083 829
WTX095-B43-22 7 -6.25785 1190
WTX005-B19-21 8 -6.32311 635
WTX061-B26-334 9 -6.47803 2183
WTX102-B44-9 10 -6.58787 2498
WTX101-B17-197 1 -7.41443 2049
WTX037-B16-123 2 -7.44429 1176
WTX001-B46-247 3 -7.6728 8768
WTX025-B06-67 4 -7.83978 2505
WTX076-B31-52 5 -7.84762 2533
WTX003-B08-150 6 -8.2907 1483
WTX066-B08-116 7 -9.90031 963
WTX003-B30-125 8 -9.97425 1759
WTX064-B50-123 9 -10.0076 127
WTX088-B04-325 10 -10.0279 71
WTX098-B30-118 1 -4.46394 3399
WTX066-B08-117 2 -5.77027 430
WTX047-B36-157 3 -5.83012 649
WTX103-B32-249 4 -5.85015 673
WTX018-B35-86 5 -5.88257 795
WTX001-B09-36 6 -5.93661 223
WTX090-B09-8 7 -6.30604 281
WTX087-B28-32 8 -6.40473 2993
WTX067-B29-310 9 -6.55755 369
WTX016-B03-45 10 -6.73023 2633
WTX006-B41-68 1 -5.91681 2143
WTX058-B25-460 2 -5.9519 1959
WTX080-B21-33 3 -5.97293 1042
WTX055-B18-101 4 -5.97398 1264
WTX069-B45-311 5 -6.11244 193
WTX003-B32-187 6 -6.13397 1440
WTX018-B27-200 7 -6.13988 2318
WTX056-B41-50 8 -6.13988 2318
WTX057-B21-97 9 -6.18977 1152
WTX018-B44-223 10 -6.18977 1152
WTX095-B09-377 1 -6.73771 1363
WTX095-B22-97 2 -6.99988 9047
WTX037-B40-290 3 -7.05358 353
WTX003-B08-154 4 -7.06325 3754
WTX030-B23-153 5 -7.24439 1614
WTX030-B23-165 6 -7.28529 4025
WTX076-B31-178 7 -7.3093 2459
WTX025-B13-23 8 -7.32401 2445
WTX037-B40-269 9 -7.32881 4588
WTX030-B23-67 10 -7.34825 1918
WTX032-B50-131 1 -5.32359 64
WTX032-B13-235 2 -5.47075 1572
WTX004-B39-9 3 -5.53768 3274
WTX064-B06-7 4 -5.68301 164
WTX088-B48-30 5 -5.7026 1481
WTX073-B48-295 6 -5.76846 1281
WTX064-B06-13 7 -5.87045 89
WTX097-B37-234 8 -5.92582 792
WTX057-B03-207 9 -5.96541 2643
WTX061-B43-178 10 -5.99196 4234
WTX034-B05-63 1 -9.85123 262
WTX089-B03-94 2 -9.93962 308
WTX095-B23-7 3 -10.0715 1160
WTX051-B06-146 4 -10.1269 431
WTX044-B05-44 5 -10.1476 311
WTX044-B05-51 6 -10.1487 315
WTX044-B18-283 7 -10.1748 393
WTX044-B18-299 8 -10.1762 398
WTX044-B18-286 9 -10.1982 471
WTX044-B18-304 10 -10.1992 472
WTX085-B44-97 1 -17.402 419
WTX079-B30-101 2 -17.4368 149
WTX098-B40-55 3 -17.4606 253
WTX083-B34-229 4 -17.5138 283
WTX023-B35-140 5 -17.5237 41
WTX102-B37-175 6 -17.5545 445
WTX010-B17-1 7 -17.576 33
WTX103-B08-167 8 -17.5858 252
WTX033-B46-531 9 -17.6023 688
WTX033-B21-242 10 -17.6023 691
WTX072-B21-416 1 -4.09009 512
WTX043-B47-228 2 -5.65055 181
WTX052-B13-140 3 -5.79134 2250
WTX098-B29-78 4 -5.81363 3787
WTX076-B12-196 5 -5.99986 156
WTX077-B15-116 6 -6.07958 172
WTX090-B10-102 7 -6.08081 1617
WTX077-B15-120 8 -6.1646 162
WTX057-B45-1 9 -6.35173 106
WTX077-B15-121 10 -6.35998 137
WTX002-B15-35 1 -6.16817 2837
WTX058-B31-271 2 -6.43797 3292
WTX033-B06-20 3 -6.50471 1110
WTX062-B05-237 4 -7.26839 101
WTX058-B31-292 5 -7.31474 12670
WTX018-B08-171 6 -7.34554 787
WTX025-B09-51 7 -7.41996 2466
WTX002-B15-15 8 -7.4485 1667
WTX076-B21-98 9 -7.48206 2526
WTX017-B31-317 10 -7.55391 337
WTX103-B24-121 1 -4.32408 4375
WTX002-B32-118 2 -4.45424 1947
WTX002-B44-56 3 -4.5438 1565
WTX003-B31-4 4 -4.54897 2212
WTX089-B11-196 5 -4.56242 694
WTX003-B30-22 6 -4.64696 1719
WTX007-B15-376 7 -4.67831 1574
WTX003-B30-173 8 -4.68624 1754
WTX087-B31-307 9 -4.68792 2970
WTX003-B30-219 10 -4.71176 1585
WTX048-B01-162 1 -12.8571 3111
WTX015-B43-212 2 -12.9943 574
WTX094-B48-322 3 -13.0902 875
WTX094-B48-316 4 -13.0902 252
WTX094-B48-319 5 -13.0977 158
WTX048-B01-154 6 -13.1004 2846
WTX079-B48-140 7 -13.1342 1031
WTX059-B29-364 8 -13.1553 783
WTX087-B18-3 9 -13.1731 282
WTX078-B24-41 10 -13.1799 144
WTX006-B23-14 1 -5.77278 1433
WTX073-B10-264 2 -5.89673 994
WTX058-B19-112 3 -5.93217 9037
WTX073-B48-436 4 -5.96133 1725
WTX100-B48-232 5 -5.99021 1027
WTX058-B19-114 6 -5.99783 3688
WTX012-B06-394 7 -6.00223 671
WTX088-B21-119 8 -6.00223 1718
WTX049-B28-115 9 -6.00223 1724
WTX089-B32-40 10 -6.00875 3050
WTX072-B34-317 1 -13.658 1770
WTX094-B27-326 2 -13.7316 377
WTX010-B44-39 3 -13.7666 949
WTX094-B37-222 4 -13.8246 258
WTX012-B50-143 5 -13.901 850
WTX081-B33-295 6 -13.9402 445
WTX079-B47-203 7 -13.9412 928
WTX010-B38-133 8 -13.9424 1066
WTX035-B37-159 9 -13.9467 689
WTX049-B44-365 10 -13.9888 425
WTX097-B04-310 1 -14.1587 797
WTX051-B30-51 2 -14.1734 271
WTX083-B09-35 3 -14.1941 1109
WTX098-B29-3 4 -14.2229 1165
WTX051-B06-20 5 -14.2258 610
WTX015-B49-162 6 -14.2352 904
WTX051-B05-310 7 -14.2532 3063
WTX082-B44-144 8 -14.2607 2258
WTX051-B30-159 9 -14.2789 291
WTX033-B22-5 10 -14.2814 882
WTX065-B16-419 1 -7.89719 288
WTX088-B46-98 2 -8.14504 1062
WTX055-B44-333 3 -8.8543 411
WTX096-B11-272 4 -8.89163 207
WTX023-B36-28 5 -9.10725 415
WTX012-B36-67 6 -9.32464 455
WTX100-B07-224 7 -9.56837 143
WTX026-B27-215 8 -9.57793 175
WTX065-B36-258 9 -9.60495 238
WTX043-B08-54 10 -9.62945 440
WTX025-B09-2 1 -6.33204 2460
WTX003-B02-143 2 -6.36739 5401
WTX076-B22-227 3 -6.62245 2480
WTX097-B16-227 4 -7.15377 844
WTX073-B08-54 5 -7.35788 915
WTX033-B16-362 6 -7.53109 793
WTX054-B13-186 7 -7.53498 817
WTX031-B49-495 8 -7.55146 828
WTX054-B46-281 9 -7.55215 949
WTX054-B13-81 10 -7.55424 949
WTX079-B17-96 1 -5.0643 1621
WTX079-B17-94 2 -5.0643 1621
WTX047-B11-356 3 -5.6133 5202
WTX046-B04-72 4 -5.61433 5221
WTX079-B17-177 5 -5.76807 297
WTX079-B17-176 6 -5.76807 297
WTX004-B25-37 7 -5.79542 997
WTX042-B30-321 8 -5.80597 729
WTX047-B08-19 9 -5.87067 937
WTX079-B17-93 10 -6.08717 2322
WTX089-B28-42 1 -15.0535 334
WTX089-B28-2 2 -15.0553 601
WTX089-B28-23 3 -15.0821 400
WTX089-B27-626 4 -15.1218 575
WTX089-B28-50 5 -15.1402 2962
WTX089-B28-24 6 -15.1627 1493
WTX089-B28-53 7 -15.2296 324
WTX089-B28-17 8 -15.3307 555
WTX089-B27-642 9 -15.3793 466
WTX097-B04-148 10 -15.4647 548
WTX053-B37-191 1 -5.39587 2605
WTX022-B34-2 2 -5.55445 44
WTX091-B03-243 3 -5.66963 840
WTX082-B46-262 4 -5.7012 1578
WTX047-B01-63 5 -5.78185 3256
WTX073-B03-236 6 -5.78382 2503
WTX073-B03-129 7 -5.83602 323
WTX047-B01-57 8 -5.8434 3352
WTX087-B24-438 9 -5.94519 1021
WTX007-B36-65 10 -5.9945 12533
WTX098-B21-144 1 -2.37426 621
WTX071-B05-15 2 -2.97125 4053
WTX098-B21-19 3 -2.97141 4054
WTX098-B21-142 4 -3.30384 2653
WTX071-B04-251 5 -3.6285 412
WTX092-B33-118 6 -3.88667 4355
WTX017-B48-15 7 -4.1725 71
WTX074-B25-221 8 -4.36108 1007
WTX048-B07-16 9 -4.42747 10545
WTX020-B06-236 10 -4.43305 1085
WTX086-B26-186 1 -5.62052 43
WTX020-B16-122 2 -5.87635 3603
WTX002-B27-5 3 -5.91453 4898
WTX076-B31-230 4 -5.99772 1820
WTX028-B19-149 5 -6.05204 3373
WTX020-B16-153 6 -6.14963 985
WTX020-B16-63 7 -6.1593 59
WTX058-B19-126 8 -6.25928 2772
WTX020-B16-111 9 -6.26049 59
WTX097-B27-28 10 -6.26065 2585
WTX027-B22-84 1 -5.8417 1959
WTX017-B04-50 2 -5.85041 1910
WTX029-B40-44 3 -5.8559 1913
WTX032-B21-344 4 -5.9222 1788
WTX038-B09-80 5 -5.92716 2844
WTX070-B04-77 6 -5.95515 441
WTX027-B09-357 7 -6.06131 209
WTX007-B36-218 8 -6.08135 2234
WTX017-B04-55 9 -6.14019 2663
WTX090-B49-16 10 -6.14561 2256
WTX002-B40-25 1 -10.2282 5200
WTX002-B39-183 2 -10.4219 3850
WTX098-B10-444 3 -10.6472 685
WTX090-B46-69 4 -10.6722 1035
WTX101-B20-287 5 -10.799 829
WTX090-B46-165 6 -10.8726 2360
WTX036-B30-137 7 -10.934 372
WTX036-B30-140 8 -10.974 342
WTX020-B34-61 9 -11.0854 653
WTX020-B34-65 10 -11.1021 484
WTX089-B46-100 1 -5.05987 1167
WTX039-B28-11 2 -5.11413 1678
WTX051-B48-128 3 -5.11413 1678
WTX101-B05-309 4 -5.11413 1678
WTX013-B20-133 5 -5.30766 825
WTX004-B36-151 6 -5.50125 725
WTX021-B11-288 7 -5.52407 614
WTX028-B47-31 8 -5.54531 2710
WTX055-B20-180 9 -5.54928 898
WTX061-B25-51 10 -5.56152 2966
WTX002-B09-346 1 -4.23456 638
WTX101-B15-270 2 -5.3989 449
WTX071-B43-153 3 -5.48271 503
WTX002-B29-56 4 -5.50752 258
WTX070-B09-37 5 -5.51163 12026
WTX095-B18-111 6 -5.5647 152
WTX080-B02-211 7 -5.57389 2072
WTX078-B02-324 8 -5.58278 2109
WTX014-B10-180 9 -5.61461 48
WTX099-B34-80 10 -5.66542 6135
WTX027-B01-349 1 -15.5552 385
WTX075-B31-193 2 -15.5829 502
WTX099-B41-10 3 -15.5927 251
WTX081-B24-154 4 -15.5933 243
WTX069-B30-58 5 -15.6104 421
WTX024-B22-106 6 -15.6108 801
WTX073-B20-34 7 -15.6138 714
WTX019-B08-326 8 -15.6265 264
WTX033-B45-20 9 -15.6502 566
WTX071-B30-223 10 -15.6551 1153
WTX021-B32-210 1 -5.12725 1941
WTX065-B37-263 2 -5.50868 791
WTX072-B01-396 3 -5.61888 1962
WTX020-B19-7 4 -5.71396 593
WTX026-B04-164 5 -5.79864 518
WTX026-B04-213 6 -6.11166 241
WTX082-B29-100 7 -6.11424 266
WTX073-B46-34 8 -6.11446 2140
WTX016-B33-24 9 -6.12016 1184
WTX068-B24-95 10 -6.13899 312
WTX009-B10-55 1 -3.43304 1043
WTX009-B10-57 2 -4.03699 470
WTX009-B10-21 3 -4.16543 587
WTX036-B16-190 4 -4.22206 483
WTX004-B07-281 5 -4.23985 771
WTX004-B13-170 6 -4.29866 261
WTX009-B10-24 7 -4.32136 706
WTX040-B28-299 8 -4.54672 155
WTX004-B13-238 9 -4.61318 2135
WTX078-B36-317 10 -4.71315 1214
WTX039-B07-222 1 -4.22956 1612
WTX003-B13-118 2 -4.66904 684
WTX056-B25-72 3 -4.98423 1154
WTX075-B46-75 4 -5.10254 1175
WTX088-B43-76 5 -5.10589 1671
WTX058-B28-336 6 -5.31094 1365
WTX095-B14-355 7 -5.312 1371
WTX002-B04-129 8 -5.58949 1856
WTX041-B06-167 9 -5.71666 230
WTX017-B37-27 3 -14.0852 876
WTX002-B13-75 1 -5.00322 915
WTX067-B14-265 2 -5.20461 2295
WTX037-B18-344 3 -5.53461 551
WTX041-B47-66 4 -5.55395 2571
WTX073-B39-335 5 -5.69333 3769
WTX037-B43-15 6 -5.81082 1724
WTX027-B29-53 7 -5.84316 1509
WTX068-B28-256 8 -5.86377 525
WTX013-B40-358 9 -5.8662 277
WTX037-B42-169 10 -6.02756 225
WTX022-B08-259 1 -4.96541 1776
WTX022-B09-76 2 -5.02739 38182
WTX079-B32-253 3 -5.15716 1333
WTX007-B11-595 4 -5.26685 1155
WTX022-B08-261 5 -5.30242 1807
WTX018-B36-202 6 -5.31574 365
WTX022-B06-325 7 -5.32161 557
WTX022-B08-286 8 -5.33263 2550
WTX039-B08-49 9 -5.3358 368
WTX022-B09-83 10 -5.38577 23420
WTX070-B25-135 1 -12.7973 66
WTX076-B09-110 2 -13.0704 51
WTX002-B30-50 3 -13.3116 120
WTX002-B04-3 4 -13.351 98
WTX067-B16-115 5 -13.3984 347
WTX004-B47-81 6 -13.4042 192
WTX094-B32-108 7 -13.4682 164
WTX010-B43-239 8 -13.4785 3148
WTX079-B29-439 9 -13.4924 285
WTX055-B12-345 10 -13.5062 262
WTX096-B41-18 1 -5.13439 5624
WTX050-B25-86 2 -5.16574 807
WTX092-B04-73 3 -5.37522 2296
WTX101-B12-275 4 -5.60623 1305
WTX084-B44-81 5 -5.66786 1069
WTX047-B32-28 6 -6.16169 523
WTX006-B48-177 7 -6.24912 2680
WTX080-B01-25 8 -6.42277 8076
WTX029-B22-96 9 -6.45121 1930
WTX032-B32-254 10 -6.4572 504
WTX003-B45-10 1 -11.3485 939
WTX003-B45-24 2 -11.3952 2849
WTX054-B13-98 3 -11.4029 1546
WTX003-B45-57 4 -11.4111 3358
WTX003-B45-37 5 -11.4387 3534
WTX011-B44-180 6 -11.4643 328
WTX003-B45-72 1 -12.5528 2079
WTX002-B20-114 8 -11.5719 1309
WTX042-B21-208 9 -11.5879 1268
WTX032-B32-237 10 -11.7249 331
WTX039-B24-151 1 -12.4863 485
WTX093-B40-162 2 -12.5583 1311
WTX027-B40-304 3 -12.6979 1718
WTX035-B02-149 4 -12.7293 2000
WTX027-B40-326 5 -12.7881 1034
WTX035-B02-85 6 -12.8906 1517
WTX034-B34-268 7 -12.903 787
WTX035-B02-159 8 -12.9231 2302
WTX035-B01-72 9 -12.9439 2054
WTX048-B42-155 10 -12.9521 815
WTX097-B26-369 1 -6.70641 498
WTX045-B29-222 2 -7.20762 372
WTX097-B26-341 3 -7.31303 347
WTX096-B44-238 4 -7.36123 321
WTX020-B29-39 5 -7.54395 2980
WTX006-B49-121 6 -7.6019 62
WTX005-B40-176 7 -7.63136 49
WTX096-B10-358 8 -7.81555 1190
WTX057-B19-222 9 -7.84792 5536
WTX029-B03-192 10 -7.86081 260
WTX034-B20-318 1 -10.8842 833
WTX074-B09-156 2 -11.0356 4093
WTX069-B33-145 3 -11.2786 729
WTX058-B31-126 4 -11.4177 610
WTX022-B40-193 5 -11.4861 768
WTX035-B12-25 6 -11.5403 143
WTX002-B13-37 7 -11.5481 460
WTX052-B12-68 8 -11.5556 453
WTX103-B40-333 9 -11.62 1262
WTX074-B17-116 10 -11.629 948
WTX065-B03-61 1 -5.26359 2354
WTX072-B02-162 2 -5.69996 2549
WTX072-B24-167 3 -5.89276 2239
WTX072-B02-115 4 -5.97607 4699
WTX072-B02-26 5 -5.98881 2058
WTX072-B02-89 6 -5.99666 3778
WTX072-B02-34 7 -6.01571 3351
WTX072-B02-7 8 -6.35109 3999
WTX065-B02-48 9 -6.50685 1588
WTX072-B24-139 10 -6.54746 2906
WTX017-B12-221 1 -14.0011 967
WTX017-B12-207 2 -14.0588 936
WTX015-B50-99 4 -14.1264 1030
WTX017-B20-262 5 -14.1371 901
WTX017-B19-152 6 -14.1535 680
WTX017-B08-106 7 -14.1743 950
WTX017-B20-211 8 -14.1806 498
WTX017-B14-8 9 -14.1846 689
WTX017-B37-8 10 -14.1978 500
WTX080-B01-223 1 -17.6753 790
WTX093-B18-263 2 -17.6941 1249
WTX082-B29-38 3 -17.7881 1429
WTX013-B24-50 4 -17.7972 471
WTX033-B26-413 5 -17.8012 521
WTX018-B33-131 6 -17.8012 701
WTX004-B45-113 7 -17.8023 980
WTX017-B29-45 8 -17.8122 666
WTX010-B40-109 9 -17.8145 502
WTX091-B48-68 10 -17.8263 611
WTX026-B12-434 1 -14.8922 772
WTX065-B27-248 2 -14.8992 736
WTX026-B12-459 3 -14.9428 913
WTX041-B45-166 4 -14.9621 415
WTX017-B27-11 5 -14.9877 453
WTX026-B12-493 6 -15.0328 1521
WTX036-B49-89 7 -15.0409 351
WTX040-B48-33 8 -15.0409 351
WTX024-B26-167 9 -15.0409 351
WTX024-B46-84 10 -15.0409 351
WTX065-B11-231 1 -9.57255 1821
WTX024-B04-119 2 -9.6969 6288
WTX014-B12-12 3 -9.72814 1444
WTX102-B50-115 2 -10.3734 2507
WTX012-B38-317 5 -9.77806 1531
WTX024-B27-63 6 -9.7781 41
WTX020-B32-57 7 -9.78306 2136
WTX042-B06-333 8 -9.78752 797
WTX087-B17-230 9 -9.88037 923
WTX086-B28-153 10 -9.88369 227
WTX103-B38-148 1 -13.7503 867
WTX101-B07-184 2 -13.7685 860
WTX005-B14-315 3 -13.7833 383
WTX015-B33-293 4 -13.8003 1471
WTX012-B11-15 5 -13.8253 870
WTX103-B32-147 6 -13.8658 3568
WTX074-B38-287 7 -13.8663 683
WTX027-B17-285 8 -13.8772 657
WTX004-B41-153 9 -13.9046 473
WTX073-B31-89 10 -13.9067 1187
WTX043-B44-55 1 -3.60133 3108
WTX018-B27-310 2 -3.75381 592
WTX098-B46-28 3 -3.75437 1173
WTX034-B26-102 4 -3.89027 2048
WTX015-B34-330 5 -4.13568 8601
WTX046-B24-13 6 -4.25962 565
WTX015-B34-332 7 -4.39275 8166
WTX008-B03-155 8 -4.45073 564
WTX024-B42-50 9 -4.56186 743
WTX066-B39-215 10 -4.66782 1266
WTX017-B25-78 1 -15.1144 715
WTX029-B16-103 2 -15.1899 1398
WTX080-B47-526 3 -15.2172 956
WTX042-B44-244 4 -15.2187 1116
WTX012-B48-165 5 -15.27 899
WTX002-B40-23 6 -15.2726 1177
WTX038-B07-37 7 -15.2942 404
WTX008-B02-179 8 -15.3136 1070
WTX037-B17-282 9 -15.3248 1066
WTX061-B40-149 10 -15.3283 175
WTX004-B09-289 2 -12.5637 202
WTX002-B24-200 3 -12.5667 212
WTX088-B09-128 4 -12.5916 80
WTX066-B31-153 5 -12.6192 250
WTX011-B07-268 6 -12.622 5680
WTX103-B21-258 7 -12.6514 247
WTX065-B15-132 8 -12.6609 224
WTX003-B45-60 9 -12.7358 3162
WTX011-B08-46 10 -12.7411 4925
WTX071-B40-163 1 -4.13801 819
WTX047-B50-389 2 -4.28119 443
WTX073-B08-387 3 -4.349 980
WTX002-B01-87 4 -4.51989 488
WTX018-B16-27 5 -4.69573 2326
WTX037-B08-237 6 -4.74927 2582
WTX011-B47-303 7 -4.80505 410
WTX100-B03-67 8 -4.81195 2468
WTX034-B26-204 9 -4.90198 378
WTX032-B32-344 10 -4.93165 865
WTX095-B02-524 1 -10.9216 2470
WTX011-B22-202 2 -10.932 1357
WTX058-B09-234 3 -11.131 812
WTX055-B22-147 4 -11.1759 1924
WTX042-B49-16 5 -11.1988 231
WTX081-B49-153 6 -11.2176 719
WTX094-B49-121 7 -11.2271 371
WTX100-B50-58 8 -11.2342 4764
WTX095-B03-46 9 -11.2599 339
WTX036-B11-342 10 -11.273 985
WTX033-B02-303 1 -15.0091 164
WTX033-B02-329 2 -15.0373 233
WTX082-B43-484 3 -15.0712 31
WTX033-B02-357 4 -15.0739 230
WTX033-B02-398 5 -15.0759 214
WTX047-B31-168 6 -15.0912 1046
WTX095-B06-152 7 -15.0987 217
WTX076-B41-341 8 -15.0989 346
WTX067-B44-209 9 -15.1047 239
WTX048-B45-196 10 -15.1106 753
WTX078-B14-252 1 -12.752 325
WTX044-B27-105 2 -12.7586 730
WTX065-B23-177 3 -12.7942 1624
WTX096-B05-322 4 -12.8297 826
WTX062-B31-36 5 -12.8399 231
WTX054-B02-411 6 -12.8404 511
WTX039-B24-219 7 -12.8471 656
WTX026-B19-186 8 -12.8541 1097
WTX018-B44-296 9 -12.8676 737
WTX092-B11-396 10 -12.8758 596
WTX049-B45-28 1 -13.9778 1184
WTX050-B03-276 2 -14.0349 528
WTX052-B36-185 3 -14.3159 876
WTX088-B46-69 4 -14.3256 1041
WTX047-B06-418 5 -14.359 900
WTX072-B21-69 6 -14.4223 682
WTX073-B11-483 7 -14.4421 1057
WTX005-B07-90 8 -14.4532 1267
WTX056-B39-143 9 -14.4623 105
WTX073-B11-478 10 -14.4652 1474
WTX032-B03-35 1 -12.8885 701
WTX054-B22-221 2 -12.9252 489
WTX054-B20-155 3 -12.9844 993
WTX094-B22-63 4 -13.0193 993
WTX081-B46-125 5 -13.0859 1365
WTX082-B08-135 6 -13.0859 1366
WTX043-B40-141 7 -13.0865 1041
WTX094-B21-262 8 -13.0963 967
WTX022-B46-401 9 -13.1079 556
WTX071-B19-27 10 -13.1079 556
WTX041-B09-49 1 -13.4301 1370
WTX089-B03-9 2 -13.6727 1190
WTX089-B03-8 3 -13.7016 520
WTX089-B03-1 4 -13.7196 507
WTX009-B39-143 5 -13.7197 1011
WTX009-B21-40 6 -13.7461 824
WTX071-B41-179 7 -13.7652 353
WTX009-B39-121 8 -13.7879 977
WTX089-B02-318 9 -13.8175 377
WTX009-B20-340 10 -13.8549 345
WTX081-B03-176 1 -11.755 1245
WTX079-B16-158 2 -11.916 918
WTX103-B32-122 3 -11.9493 3090
WTX016-B15-278 4 -11.968 738
WTX002-B22-39 5 -11.9983 388
WTX024-B42-53 6 -12.0261 455
WTX053-B18-46 7 -12.0684 467
WTX046-B12-259 8 -12.0808 1648
WTX078-B16-237 9 -12.0966 508
WTX014-B25-534 10 -12.0977 1510
WTX064-B41-216 1 -14.278 663
WTX092-B48-276 2 -14.6606 3932
WTX019-B20-33 3 -14.67 142
WTX036-B11-150 4 -14.6746 230
WTX012-B49-172 5 -14.6814 731
WTX027-B21-17 6 -14.689 684
WTX064-B41-234 7 -14.7351 842
WTX024-B37-105 8 -14.7448 1040
WTX038-B48-156 9 -14.7458 354
WTX028-B18-108 10 -14.7855 1008
WTX007-B32-147 1 -17.1329 751
WTX050-B50-307 2 -17.1391 442
WTX103-B29-84 3 -17.1499 845
WTX010-B26-271 4 -17.1589 424
WTX014-B28-88 5 -17.1715 928
WTX014-B25-486 6 -17.1963 752
WTX026-B37-101 7 -17.2002 1223
WTX024-B42-351 8 -17.212 510
WTX043-B45-171 9 -17.2221 332
WTX016-B26-124 10 -17.2239 891
WTX090-B34-394 1 -3.41433 1272
WTX092-B16-307 2 -4.5075 181
WTX091-B50-226 3 -4.7721 1444
WTX090-B34-396 4 -5.06178 1308
WTX090-B34-360 5 -5.1517 799
WTX044-B10-162 6 -5.19743 567
WTX055-B12-148 7 -5.25216 455
WTX055-B12-34 8 -5.25216 455
WTX100-B23-104 9 -5.25555 149
WTX099-B34-403 10 -5.27995 138
WTX064-B09-253 1 -12.9193 1556
WTX018-B13-190 2 -13.0128 851
WTX069-B06-157 3 -13.0193 826
WTX090-B18-26 4 -13.0242 661
WTX022-B14-274 5 -13.0277 556
WTX072-B35-51 6 -13.0277 556
WTX078-B09-193 7 -13.0337 325
WTX090-B33-52 8 -13.0863 564
WTX044-B27-35 9 -13.1257 768
WTX049-B09-371 10 -13.1331 1214
WTX077-B19-376 1 -15.69 441
WTX091-B07-57 2 -16.0727 235
WTX051-B40-319 8 -12.4485 488
WTX098-B20-171 4 -16.2529 227
WTX091-B07-62 5 -16.2548 229
WTX049-B09-3 6 -16.3003 159
WTX101-B17-342 7 -16.355 237
WTX042-B09-172 8 -16.3848 239
WTX092-B22-370 9 -16.3942 366
WTX092-B22-334 10 -16.4162 453
WTX073-B37-223 1 -10.8629 2459
WTX099-B33-203 2 -11.1712 657
WTX058-B32-88 3 -11.178 889
WTX014-B08-150 4 -11.3245 2428
WTX085-B35-255 5 -11.3412 1594
WTX064-B30-311 6 -11.3607 137
WTX058-B46-533 7 -11.361 3485
WTX027-B01-77 8 -11.3704 663
WTX002-B46-92 9 -11.3785 4850
WTX072-B20-294 10 -11.4172 382
WTX069-B36-2 1 -10.4532 2374
WTX027-B34-111 2 -10.4537 2374
WTX008-B09-10 3 -10.6092 5219
WTX041-B43-151 4 -10.6421 410
WTX003-B13-114 5 -10.6747 666
WTX041-B06-118 6 -10.6807 1116
WTX093-B15-323 7 -10.72 292
WTX021-B10-78 8 -10.9761 221
WTX003-B14-16 9 -11.0265 391
WTX041-B16-30 10 -11.0322 718
WTX003-B01-81 1 -4.34918 991
WTX094-B01-307 2 -4.41053 1767
WTX085-B25-12 3 -4.48917 4374
WTX097-B48-71 4 -4.67507 8610
WTX066-B50-390 5 -4.91908 409
WTX074-B41-48 6 -5.14553 1010
WTX075-B01-247 7 -5.47455 189
WTX076-B05-57 8 -5.52907 543
WTX066-B48-306 9 -5.58794 222
WTX067-B44-97 10 -5.69699 231
WTX015-B43-264 1 -8.31325 4078
WTX061-B24-88 2 -8.43022 1302
WTX068-B30-40 3 -8.45334 5458
WTX023-B48-250 4 -8.49776 414
WTX078-B32-331 5 -8.51171 851
WTX103-B09-488 6 -8.57567 2896
WTX104-B01-315 7 -8.6509 1518
WTX094-B49-88 8 -8.67068 2134
WTX010-B31-23 9 -8.67693 4301
WTX071-B33-143 10 -8.68062 305
WTX001-B43-70 1 -13.2212 428
WTX061-B49-430 2 -13.2378 6286
WTX001-B43-147 3 -13.3285 337
WTX040-B35-62 4 -13.4648 2809
WTX078-B06-45 5 -13.4994 615
WTX003-B43-254 6 -13.5143 790
WTX001-B43-47 7 -13.5175 532
WTX092-B47-17 8 -13.5441 935
WTX017-B46-353 9 -13.564 988
WTX070-B20-171 10 -13.5644 122
WTX005-B33-10 1 -5.02818 1272
WTX047-B39-457 2 -5.47635 1311
WTX089-B36-7 3 -5.51609 704
WTX089-B35-386 4 -5.51623 188
WTX001-B44-418 5 -5.6815 2824
WTX075-B47-29 6 -5.74757 845
WTX039-B15-271 7 -5.78032 818
WTX065-B37-209 8 -5.81946 611
WTX089-B36-21 9 -5.82811 6830
WTX103-B04-67 10 -5.91462 23368
WTX083-B37-197 1 -10.145 2397
WTX068-B16-15 2 -10.2022 1545
WTX034-B05-55 3 -10.3553 1201
WTX017-B08-164 4 -10.362 1817
WTX072-B01-53 5 -10.516 1189
WTX090-B02-5 6 -10.5182 4389
WTX034-B11-2 7 -10.5522 1310
WTX083-B37-342 8 -10.6274 1098
WTX074-B14-35 9 -10.6852 731
WTX015-B29-155 10 -10.6884 1958
WTX037-B44-150 1 -10.4517 506
WTX021-B32-421 2 -10.4578 556
WTX070-B40-66 3 -10.4578 556
WTX009-B03-72 4 -10.5728 313
WTX101-B49-97 5 -10.5743 461
WTX003-B02-120 6 -10.6064 2221
WTX022-B07-159 7 -10.6106 556
WTX072-B16-118 8 -10.6106 556
WTX006-B43-471 9 -10.6342 179
WTX050-B47-76 10 -10.6361 725
WTX076-B36-381 1 -3.97829 2649
WTX038-B40-132 2 -4.24544 211
WTX028-B38-164 3 -4.88143 2377
WTX057-B14-675 4 -4.92643 875
WTX065-B13-286 5 -5.01602 537
WTX075-B35-200 6 -5.03976 4214
WTX002-B15-146 7 -5.03992 4214
WTX098-B38-196 8 -5.12895 566
WTX042-B20-254 9 -5.24604 639
WTX065-B27-296 10 -5.40713 1329
WTX007-B15-225 1 -12.1484 964
WTX007-B21-112 2 -12.4761 1821
WTX103-B41-251 3 -12.584 673
WTX007-B15-238 4 -12.5843 681
WTX020-B34-5 5 -12.7243 1040
WTX084-B27-385 6 -12.7557 2414
WTX052-B17-407 7 -12.8064 1382
WTX009-B04-141 8 -12.8112 493
WTX037-B02-261 9 -12.833 1329
WTX004-B45-102 10 -12.9006 1697
WTX017-B14-91 1 -10.1058 860
WTX017-B20-116 3 -10.478 2567
WTX017-B20-74 4 -10.5279 610
WTX068-B08-51 5 -10.5311 1574
WTX017-B37-59 6 -10.5395 822
WTX007-B38-53 7 -10.6139 1423
WTX004-B21-322 8 -10.634 7624
WTX099-B17-378 9 -10.6358 792
WTX017-B22-224 10 -10.6445 1049
WTX001-B40-19 1 -11.9332 2690
WTX003-B49-298 2 -12.0166 1248
WTX018-B18-145 3 -12.0603 2480
WTX058-B02-179 4 -12.129 742
WTX068-B05-130 5 -12.1564 794
WTX080-B15-310 6 -12.2455 990
WTX101-B14-178 7 -12.3098 1688
WTX026-B43-32 9 -12.4674 585
WTX063-B20-31 10 -12.4715 2053
WTX080-B31-424 1 -11.5807 138
WTX004-B03-103 2 -11.6587 1233
WTX041-B38-171 3 -11.6897 697
WTX007-B12-169 4 -11.7257 592
WTX070-B33-148 5 -11.7446 1155
WTX036-B09-66 6 -11.7524 313
WTX064-B14-7 7 -11.7749 410
WTX001-B12-373 8 -11.8015 1340
WTX041-B47-267 9 -11.8233 549
WTX045-B44-219 10 -11.8426 1588
WTX007-B13-190 1 -15.6125 639
WTX009-B40-230 2 -15.6279 475
WTX084-B35-139 3 -15.6515 269
WTX088-B15-10 4 -15.7644 2353
WTX099-B04-270 5 -15.7681 480
WTX016-B31-11 6 -15.7762 523
WTX100-B47-140 7 -15.7783 1697
WTX097-B24-111 8 -15.7823 813
WTX016-B17-238 9 -15.7839 4154
WTX016-B17-221 10 -15.7947 1472
WTX072-B33-215 1 -11.3674 222
WTX092-B33-115 2 -11.4137 4815
WTX071-B39-29 3 -11.4979 5567
WTX098-B21-67 4 -11.498 5567
WTX093-B41-196 5 -11.513 85
WTX032-B15-206 6 -11.5432 700
WTX013-B48-81 7 -11.5985 905
WTX093-B40-202 8 -11.6826 1854
WTX100-B32-114 9 -11.7234 513
WTX017-B18-210 10 -11.7401 845
WTX025-B07-33 1 -11.7812 1710
WTX078-B22-112 2 -12.0758 1417
WTX078-B22-118 3 -12.0907 1440
WTX026-B32-164 4 -12.1056 2605
WTX102-B22-61 5 -12.1058 2605
WTX103-B40-214 6 -12.1348 464
WTX103-B40-191 7 -12.1416 643
WTX075-B49-165 8 -12.1756 569
WTX025-B07-16 9 -12.1911 1984
WTX048-B12-119 10 -12.2013 1900
WTX087-B40-98 1 -13.4274 1475
WTX091-B19-334 2 -13.4988 1143
WTX047-B40-216 3 -13.5724 581
WTX060-B24-125 4 -13.6365 501
WTX041-B26-116 5 -13.6396 488
WTX071-B03-165 6 -13.6592 672
WTX042-B10-26 7 -13.6811 737
WTX026-B26-83 8 -13.6857 975
WTX094-B18-73 9 -13.687 708
WTX008-B45-277 10 -13.7188 143
WTX069-B10-35 1 -15.5608 992
WTX054-B03-138 2 -15.7993 569
WTX054-B03-188 3 -15.8367 341
WTX045-B33-2 4 -15.987 2407
WTX022-B28-202 5 -15.9872 2407
WTX093-B30-106 6 -15.9999 871
WTX095-B26-324 7 -16.095 1175
WTX007-B49-16 8 -16.0988 756
WTX045-B25-9 9 -16.11 1266
WTX062-B48-115 10 -16.1142 342
WTX049-B09-340 1 -15.4145 528
WTX077-B48-155 2 -15.4441 1608
WTX034-B22-40 3 -15.4719 1508
WTX055-B38-81 4 -15.5722 1033
WTX033-B39-120 5 -15.6205 960
WTX054-B22-8 6 -15.6221 916
WTX091-B06-243 7 -15.6291 466
WTX094-B18-84 8 -15.6357 769
WTX091-B07-203 9 -15.6524 952
WTX094-B19-62 10 -15.6586 238
WTX091-B09-32 1 -13.0053 1101
WTX001-B45-19 2 -13.0544 831
WTX035-B07-399 3 -13.1167 233
WTX093-B41-216 4 -13.1506 710
WTX085-B48-112 5 -13.1634 806
WTX050-B04-135 6 -13.2406 7814
WTX050-B04-129 7 -13.2406 7814
WTX013-B29-83 8 -13.2464 3443
WTX094-B50-175 9 -13.254 2128
WTX009-B43-19 10 -13.2886 1985
WTX101-B03-155 1 -15.257 802
WTX101-B07-177 2 -15.355 488
WTX050-B47-231 3 -15.4095 831
WTX002-B09-185 4 -15.4603 278
WTX050-B47-32 5 -15.4676 383
WTX044-B39-156 6 -15.4975 634
WTX095-B41-8 7 -15.5015 366
WTX089-B12-321 8 -15.5139 626
WTX004-B02-391 9 -15.5269 187
WTX045-B03-316 10 -15.5356 368
