Topic_id	QL	SUM_DF	SUM_IDF	SUM_TF	SUM_TFIDF
451	2	59.0	7.556058783448481	572.0	1774.8486572229378
452	4	395.0	11.49646735025806	2484.0	4679.5819295819365
453	1	16.0	4.102643365036796	213.0	873.8630367528373
454	2	109.0	6.767601423084212	1061.0	3097.0277725219917
455	6	608.0	13.249324020816516	1639.0	2574.696453047343
456	4	678.0	7.916859714079247	2205.0	3223.1106795607393
457	2	47.0	7.543888247828226	1029.0	4095.2929125139985
458	1	7.0	4.929321938221264	158.0	778.8328662389598
459	3	101.0	11.193573264178681	566.0	1806.3545984687514
460	1	12.0	4.390325437488577	279.0	1224.900797059313
461	2	46.0	7.48706591196153	248.0	921.9450977588731
462	4	799.0	8.119235317541186	5294.0	6971.420985426616
463	1	2.0	6.182084906716632	2.0	12.364169813433264
464	2	38.0	8.007460986743672	105.0	430.0565754069607
465	1	28.0	3.543027577101373	797.0	2823.792978949794
466	4	542.0	12.11630199818654	2050.0	2024.5131656789217
467	4	73.0	18.688084915589116	394.0	1282.4603597154958
468	3	158.0	10.398387590225948	984.0	2563.2721540664934
469	2	19.0	9.273127360074948	60.0	273.4170148354704
470	1	10.0	4.572646994282532	104.0	475.5552874053832
471	3	267.0	7.858009825701462	1394.0	3075.42914400616
472	3	78.0	11.556919454175336	560.0	1931.0732818169467
473	3	118.0	9.730810504932643	988.0	3029.9735880071325
474	4	570.0	12.92854914189098	1664.0	2132.499476802628
475	2	11.0	4.477336814478207	36.0	161.18412532121545
476	2	25.0	8.780650874977153	257.0	1119.3954931885587
477	4	164.0	13.719760819564579	714.0	2403.0272103182833
478	1	41.0	3.161660020572269	476.0	1504.9501697924009
479	5	776.0	14.18469370367979	3275.0	5478.304330424094
480	3	282.0	7.492511645793819	1362.0	3324.645460602718
481	3	57.0	11.841840365185789	155.0	617.2322207825009
482	5	542.0	12.004121141980985	1488.0	3267.7314917922745
483	2	19.0	9.25065450422289	34.0	156.94504502481567
484	2	61.0	7.516053448834783	506.0	1533.3531605761586
485	2	46.0	7.689007255625137	377.0	1488.0375331515443
486	3	59.0	11.960600440489998	367.0	1350.283559829546
487	1	0.0	0.0	0.0	0.0
488	3	264.0	7.989465895601021	1942.0	3827.6261153448727
489	1	23.0	3.7397378713474274	1234.0	4614.8365332427275
490	3	131.0	10.602649474235964	646.0	1931.4437884068682
491	2	76.0	6.4780657819831085	333.0	1086.9741136949847
492	3	391.0	7.619774570094046	1655.0	3681.3519106542435
493	1	19.0	3.9307931081101364	64.0	251.57075891904864
494	1	9.0	4.6780075099403575	187.0	874.7874043588469
495	4	769.0	9.317395967629384	2424.0	2302.689428510689
496	1	12.0	4.390325437488577	104.0	456.593845498812
497	1	14.0	4.236174757661319	258.0	1092.9330874766201
498	2	75.0	7.122422798373622	1093.0	3055.827994664698
499	2	55.0	7.568379267836523	437.0	1504.6642262018922
500	2	76.0	6.670437674630564	728.0	2579.7914428173317
501	3	116.0	11.077884152899252	1523.0	3673.8135518946715
502	2	96.0	6.08424224889043	482.0	1485.1902592738466
503	2	33.0	8.54645748747636	397.0	1455.6856088887653
504	3	546.0	7.906560497593375	2104.0	2164.647473273691
505	3	47.0	12.580107981026202	222.0	857.1980469333745
506	2	218.0	5.862504837953209	1269.0	3588.751440151659
507	2	45.0	7.719778914291891	677.0	2435.239819783513
508	4	254.0	11.769315515343873	1775.0	4623.333858205342
509	2	184.0	5.853911472910114	587.0	1354.8355400673638
510	4	731.0	9.32362651738002	2789.0	3315.5044093842125
511	3	159.0	8.929449739732464	566.0	1746.333403605558
512	2	47.0	7.473820685211509	182.0	700.6692554977122
513	1	13.0	4.31028272981504	162.0	698.2658022300367
514	3	427.0	6.796877650141724	1338.0	2576.989283225261
515	3	98.0	10.22653733329929	294.0	984.7655809118405
516	1	15.0	4.167181886174367	377.0	1571.0275710877365
517	3	127.0	10.224468325076268	354.0	1185.8648411666409
518	5	680.0	11.503216356813034	1925.0	2873.498283903285
519	3	313.0	7.9779808820728055	1879.0	3673.6248771315622
520	3	177.0	9.761480127988879	607.0	1501.349394943759
521	4	507.0	9.52238632423605	2826.0	4753.112407419233
522	5	366.0	14.972242700350266	1663.0	3503.3250741664638
523	4	419.0	9.69515456307938	851.0	1893.1252333775583
524	2	14.0	10.253956613086675	19.0	88.9672484274767
525	3	535.0	5.8030573245198305	1926.0	2955.695384665533
526	1	9.0	4.6780075099403575	216.0	1010.4496221471172
527	3	300.0	9.252722757286948	1951.0	3880.7723041878526
528	4	118.0	15.147125591551799	274.0	898.1409316801157
529	2	214.0	6.230229618078527	870.0	1938.0808896190174
530	3	243.0	10.82756922495143	623.0	1211.294157163056
531	0	0.0	0.0	0.0	0.0
532	1	14.0	4.236174757661319	350.0	1482.6611651814617
533	4	489.0	10.180793261573607	3248.0	6211.446070066478
534	3	88.0	10.689160855247403	193.0	657.6251585269038
535	3	198.0	8.31041053132624	919.0	2346.0552847388603
536	3	108.0	10.580709147019903	296.0	934.6648351161696
537	3	346.0	7.706482650244737	637.0	1131.3172130644757
538	1	13.0	4.31028272981504	321.0	1383.600756270628
539	3	93.0	10.478478524371004	407.0	1317.0711553198432
540	3	221.0	8.839694876797083	609.0	1389.1755507423939
541	3	155.0	9.778769845500436	1463.0	3775.491560604077
542	4	578.0	8.089070649756525	1660.0	3000.546730774165
543	2	44.0	7.921518556942948	113.0	398.00289348658066
544	2	125.0	6.142586101274646	919.0	3347.6728486515954
545	5	394.0	14.714455757563742	1062.0	2378.6396636634363
546	2	36.0	7.997891535727521	153.0	598.2115768999962
547	2	23.0	8.882929724097572	56.0	249.77148933260202
548	5	563.0	12.844717948581772	2209.0	4097.390651970908
549	4	353.0	10.769007984697097	1527.0	3651.2435630183686
550	2	298.0	5.081924230642393	669.0	1092.4325665266306
