Topic_id	QL	SUM_DF	SUM_IDF	SUM_TF	SUM_TFIDF	MEAN_DF	MEAN_IDF	MEAN_TF	MEAN_TFIDF	STD_DF	STD_IDF	STD_TF	STD_TFIDF
451	2	59	7.556058783448481	572.0	1774.8486572229378	29.5	3.7780293917242407	9.694915254237289	30.08218063089723	27.577164466275352	1.1237589904383285	20.032089977633504	59.703678306129675
452	4	395	11.49646735025806	2484.0	4679.5819295819365	98.75	2.874116837564515	6.288607594936709	11.84704285970111	84.68520138331922	1.5673493038672535	36.01427729909465	69.96936744718255
453	1	16	4.102643365036796	213.0	873.8630367528373	16	4.102643365036796	13.3125	54.616439797052344	0.0	0.0	14.178475470468138	58.169228315253065
454	2	109	6.767601423084212	1061.0	3097.0277725219917	54.5	3.383800711542106	9.73394495412844	28.413098830477	61.518289963229634	1.5464935877168546	19.335077604186253	61.673805360547775
455	6	608	13.249324020816516	1639.0	2574.696453047343	121.6	2.649864804163303	2.695723684210526	4.23469811356473	154.15025137832242	1.184434022615635	4.69405121122535	8.309520398462572
456	4	678	7.916859714079247	2205.0	3223.1106795607393	169.5	1.9792149285198117	3.252212389380531	4.753850559824106	120.49204676381481	0.8551726170857072	5.641934110241552	8.959684887370118
457	2	47	7.543888247828226	1029.0	4095.2929125139985	23.5	3.771944123914113	21.893617021276597	87.13389175561699	10.606601717798213	0.467679351862188	39.09310738900656	160.04970760475751
458	1	7	4.929321938221264	158.0	778.8328662389598	7	4.929321938221264	22.571428571428573	111.2618380341371	0.0	0.0	26.450312807584105	130.3821071952392
459	3	101	11.193573264178681	566.0	1806.3545984687514	33.666666666666664	3.73119108805956	5.603960396039604	17.884698994740134	34.42867022313428	1.0607962922144352	8.863497287099253	29.499202069761946
460	1	12	4.390325437488577	279.0	1224.900797059313	12	4.390325437488577	23.25	102.0750664216094	0.0	0.0	15.702489669418089	68.93903982754783
461	2	46	7.48706591196153	248.0	921.9450977588731	23	3.743532955980765	5.391304347826087	20.042284733888543	2.8284271247461903	0.12328646237291593	10.732046011558229	39.26791373393833
462	4	799	8.119235317541186	5294.0	6971.420985426616	199.75	2.0298088293852965	6.625782227784731	8.725182710171033	225.1523558245246	1.0692702307531077	22.741742528679204	49.851750146701455
463	1	2	6.182084906716632	2.0	12.364169813433264	2	6.182084906716632	1.0	6.182084906716632	0.0	0.0	0.0	0.0
464	2	38	8.007460986743672	105.0	430.0565754069607	19	4.003730493371836	2.763157894736842	11.317278300183192	9.899494936611665	0.5467278131147637	2.5620326656389167	11.462805937354164
465	1	28	3.543027577101373	797.0	2823.792978949794	28	3.543027577101373	28.464285714285715	100.84974924820693	0.0	0.0	69.76387802615818	247.17534373221494
466	4	542	12.11630199818654	2050.0	2024.5131656789217	135.5	3.0290754995466345	3.782287822878229	3.7352641433190445	219.47589085516128	1.6482719966620378	5.386419213780127	6.074223116190894
467	4	73	18.688084915589116	394.0	1282.4603597154958	18.25	4.672021228897279	5.397260273972603	17.56795013308897	25.35580144003866	1.3187826476396485	10.293929880742821	34.65132306995448
468	3	158	10.398387590225948	984.0	2563.2721540664934	52.666666666666664	3.4661291967419827	6.227848101265823	16.22324148143353	65.30951946947194	1.2659502526249373	19.996782777599172	62.13522330539507
469	2	19	9.273127360074948	60.0	273.4170148354704	9.5	4.636563680037474	3.1578947368421053	14.390369201866864	2.1213203435596424	0.2251807927680732	3.1493060592725444	14.117083406854782
470	1	10	4.572646994282532	104.0	475.5552874053832	10	4.572646994282532	10.4	47.55552874053833	0.0	0.0	9.53589709116732	43.604291171713776
471	3	267	7.858009825701462	1394.0	3075.42914400616	89	2.6193366085671537	5.2209737827715355	11.518461213506196	70.44856279584417	0.8584221390376078	11.422830744000237	25.80164206974025
472	3	78	11.556919454175336	560.0	1931.0732818169467	26	3.852306484725112	7.17948717948718	24.757349766883937	17.05872210923198	0.9413895208851372	21.189769394835967	72.96666551749578
473	3	118	9.730810504932643	988.0	3029.9735880071325	39.333333333333336	3.243603501644214	8.372881355932204	25.677742271246885	12.662279942148386	0.3614826705492956	27.025722666450992	80.80669651673499
474	4	570	12.92854914189098	1664.0	2132.499476802628	142.5	3.232137285472745	2.9192982456140353	3.741227152285307	154.552040857872	2.6355600221313527	8.059999925787071	10.297914844125842
475	2	11	4.477336814478207	36.0	161.18412532121545	11	4.477336814478207	3.272727272727273	14.653102301928676	0.0	0.0	2.0045403009622476	8.975002085603496
476	2	25	8.780650874977153	257.0	1119.3954931885587	12.5	4.390325437488577	10.28	44.77581972754236	4.949747468305833	0.40684388851290776	13.195706372402602	57.607233460560344
477	4	164	13.719760819564579	714.0	2403.0272103182833	41	3.429940204891145	4.353658536585366	14.652604940965121	30.011109054259666	0.9006157144755623	15.825251198323818	61.21826067491994
478	1	41	3.161660020572269	476.0	1504.9501697924009	41	3.161660020572269	11.609756097560975	36.70610170225366	0.0	0.0	19.517784260489826	61.70859818654538
479	5	776	14.18469370367979	3275.0	5478.304330424094	155.2	2.836938740735958	4.220360824742268	7.059670528897024	200.24035557299632	1.713686272997722	10.787287518123811	36.35111408225643
480	3	282	7.492511645793819	1362.0	3324.645460602718	94	2.497503881931273	4.829787234042553	11.789522909938666	60.09991680526688	0.7407523289866058	11.072043243754976	29.02744905676899
481	3	57	11.841840365185789	155.0	617.2322207825009	19	3.9472801217285958	2.719298245614035	10.828635452324585	4.358898943540674	0.21870538007765442	3.2168883921140776	13.10458685574094
482	5	542	12.004121141980985	1488.0	3267.7314917922745	108.4	2.400824228396197	2.745387453874539	6.029024892605667	84.12669017618606	0.7169327464120678	4.0516224058360395	11.77428239022039
483	2	19	9.25065450422289	34.0	156.94504502481567	9.5	4.625327252111445	1.7894736842105263	8.260265527621875	0.7071067811865476	0.07450113509096011	1.5484381869204369	7.153179069804035
484	2	61	7.516053448834783	506.0	1533.3531605761586	30.5	3.7580267244173915	8.295081967213115	25.13693705862552	28.991378028648448	1.1520470338273119	18.302408095015878	53.70635749804919
485	2	46	7.689007255625137	377.0	1488.0375331515443	23	3.8445036278125686	8.195652173913043	32.348642025033556	14.142135623730951	0.6587111231218568	10.556976766769276	43.96429272012468
486	3	59	11.960600440489998	367.0	1350.283559829546	19.666666666666668	3.986866813496666	6.220338983050848	22.886162031009263	10.263202878893768	0.5202431395422665	20.95731935066763	72.58420424518938
487	1	0.0	0.0	0.0	0.0	0.0	0.0	0.0	0.0	0.0	0.0	0.0	0.0
488	3	264	7.989465895601021	1942.0	3827.6261153448727	88	2.663155298533674	7.356060606060606	14.498583770245748	70.40596565632774	0.944915378564778	26.4289369513142	47.61398607818754
489	1	23	3.7397378713474274	1234.0	4614.8365332427275	23	3.7397378713474274	53.65217391304348	200.6450666627272	0.0	0.0	95.65164480629801	357.71207853878514
490	3	131	10.602649474235964	646.0	1931.4437884068682	43.666666666666664	3.5342164914119882	4.931297709923665	14.74384571302951	47.50087718488295	1.1549877128435364	14.620423459980515	52.86136785209293
491	2	76	6.4780657819831085	333.0	1086.9741136949847	38	3.2390328909915542	4.381578947368421	14.302290969670851	2.8284271247461903	0.07450113509096042	9.14471374476447	30.09130890371194
492	3	391	7.619774570094046	1655.0	3681.3519106542435	130.33333333333334	2.5399248566980153	4.232736572890025	9.415222277888097	157.00106156753634	1.2622034008655867	13.063338891906128	45.007598801200864
493	1	19	3.9307931081101364	64.0	251.57075891904864	19	3.9307931081101364	3.3684210526315788	13.240566258897301	0.0	0.0	5.251566182427967	20.642820156672112
494	1	9	4.6780075099403575	187.0	874.7874043588469	9	4.6780075099403575	20.77777777777778	97.19860048431632	0.0	0.0	14.822093119544366	69.33786292626384
495	4	769	9.317395967629384	2424.0	2302.689428510689	192.25	2.3293489919073456	3.152145643693108	2.9943945754365218	210.41605610472473	1.5121708598119301	4.6271389985706755	3.7069637709464325
496	1	12	4.390325437488577	104.0	456.593845498812	12	4.390325437488577	8.666666666666666	38.049487124901	0.0	0.0	6.242571342779911	27.406919761543858
497	1	14	4.236174757661319	258.0	1092.9330874766201	14	4.236174757661319	18.428571428571427	78.06664910547288	0.0	0.0	25.46404489505904	107.87014421240367
498	2	75	7.122422798373622	1093.0	3055.827994664698	37.5	3.561211399186811	14.573333333333334	40.74437326219603	36.062445840513924	1.1725443177202834	28.78493099266094	78.36974363996559
499	2	55	7.568379267836523	437.0	1504.6642262018922	27.5	3.7841896339182615	7.945454545454545	27.357531385488947	23.33452377915607	0.9802581434685473	12.32494937532715	43.599248334066246
500	2	76	6.670437674630564	728.0	2579.7914428173317	38	3.335218837315282	9.578947368421053	33.94462424759647	22.627416997969522	0.6349405896653855	28.604551226635127	107.86256004334861
501	3	116	11.077884152899252	1523.0	3673.8135518946715	38.666666666666664	3.6926280509664173	13.129310344827585	31.670806481850658	45.34681172181053	1.1566056934031301	87.18122356407333	206.0531359324167
502	2	96	6.08424224889043	482.0	1485.1902592738466	48	3.042121124445215	5.020833333333333	15.470731867435896	18.384776310850235	0.39281606220188414	11.193963755587362	36.112155456432895
503	2	33	8.54645748747636	397.0	1455.6856088887653	16.5	4.27322874373818	12.030303030303031	44.11168511784137	13.435028842544403	0.9278558938186668	21.83673059389393	78.73133551070067
504	3	546	7.906560497593375	2104.0	2164.647473273691	182	2.6355201658644583	3.8534798534798536	3.9645558118565685	246.17879681239813	1.9189166199958678	5.433548249900523	8.020098626656438
505	3	47	12.580107981026202	222.0	857.1980469333745	15.666666666666666	4.193369327008734	4.723404255319149	18.238256317731373	7.371114795831994	0.4492915927744701	11.30352412853307	41.726556900405235
506	2	218	5.862504837953209	1269.0	3588.751440151659	109	2.9312524189766047	5.821100917431193	16.462162569503025	135.7645019878171	1.9502433685113008	22.78551797078886	97.22147094947086
507	2	45	7.719778914291891	677.0	2435.239819783513	22.5	3.8598894571459454	15.044444444444444	54.116440439633614	13.435028842544403	0.6369522746102374	23.15064848449229	79.30728330959974
508	4	254	11.769315515343873	1775.0	4623.333858205342	63.5	2.9423288788359687	6.988188976377953	18.202101803958058	43.65394216639165	0.8190843969516862	17.29892552661043	46.640188283580486
509	2	184	5.853911472910114	587.0	1354.8355400673638	92	2.926955736455057	3.1902173913043477	7.363236630800876	107.48023074035522	1.6626733894545571	4.387228353992803	15.907687665699722
510	4	731	9.32362651738002	2789.0	3315.5044093842125	182.75	2.330906629345005	3.8153214774281805	4.5355737474476046	197.1824451280252	1.5742905546463553	5.424963657406557	7.868871982377912
511	3	159	8.929449739732464	566.0	1746.333403605558	53	2.976483246577488	3.559748427672956	10.983228953494061	23.515952032609693	0.47349156646274054	8.375364110708484	28.90910648485904
512	2	47	7.473820685211509	182.0	700.6692554977122	23.5	3.7369103426057544	3.872340425531915	14.907856499951315	6.363961030678928	0.27419163648669914	6.870279474337573	27.09088519297452
513	1	13	4.31028272981504	162.0	698.2658022300367	13	4.31028272981504	12.461538461538462	53.71275401769512	0.0	0.0	14.263095647014973	61.47797484102871
514	3	427	6.796877650141724	1338.0	2576.989283225261	142.33333333333334	2.2656258833805745	3.1334894613583137	6.035103707787483	130.6343497451315	1.082872413786771	5.17428435112047	14.44402633176282
515	3	98	10.22653733329929	294.0	984.7655809118405	32.666666666666664	3.40884577776643	3.0	10.048628376651445	7.571877794400365	0.2511623578660588	4.012865906494404	13.299953067619061
516	1	15	4.167181886174367	377.0	1571.0275710877365	15	4.167181886174367	25.133333333333333	104.73517140584909	0.0	0.0	17.274533967940318	71.9861250433047
517	3	127	10.224468325076268	354.0	1185.8648411666409	42.333333333333336	3.408156108358756	2.7874015748031495	9.337518434382979	30.2709982216202	1.0279588893485123	4.625035257282761	19.68246614671642
518	5	680	11.503216356813034	1925.0	2873.498283903285	136	2.300643271362607	2.8308823529411766	4.225732770445985	132.102233137824	0.8841840688605809	4.710085608224285	7.6745645791406725
519	3	313	7.9779808820728055	1879.0	3673.6248771315622	104.33333333333333	2.659326960690935	6.003194888178914	11.73682069371105	79.07169742286638	1.3677636269219056	40.117096106477895	78.12350044432398
520	3	177	9.761480127988879	607.0	1501.349394943759	59	3.2538267093296267	3.4293785310734464	8.482199971433653	64.08587988004847	1.2038168603439583	5.824793808113422	16.464175311370436
521	4	507	9.52238632423605	2826.0	4753.112407419233	126.75	2.3805965810590126	5.57396449704142	9.374975162562531	103.23880084541858	1.0744453332581203	36.16535302673187	65.41413731511184
522	5	366	14.972242700350266	1663.0	3503.3250741664638	73.2	2.9944485400700533	4.543715846994536	9.571926432148805	74.11949810947183	1.027182595237751	8.455653948033758	17.806859533889032
523	4	419	9.69515456307938	851.0	1893.1252333775583	104.75	2.423788640769845	2.0310262529832936	4.518198647679128	64.85560885536424	0.7939578468620988	2.7920755337903147	8.11523925133196
524	2	14	10.253956613086675	19.0	88.9672484274767	7	5.126978306543338	1.3571428571428572	6.354803459105479	5.656854249492381	0.9187318087588007	0.744946343668492	3.236034840397405
525	3	535	5.8030573245198305	1926.0	2955.695384665533	178.33333333333334	1.93435244150661	3.6	5.524664270402882	122.45951712028483	0.9472099806051225	6.395281500306675	9.986273953139735
526	1	9	4.6780075099403575	216.0	1010.4496221471172	9	4.6780075099403575	24.0	112.27218023856858	0.0	0.0	36.14899721984	169.10528047122463
527	3	300	9.252722757286948	1951.0	3880.7723041878526	100	3.0842409190956492	6.503333333333333	12.93590768062618	84.1486779456457	2.084389708819198	40.845290811718655	80.54912085350924
528	4	118	15.147125591551799	274.0	898.1409316801157	29.5	3.7867813978879497	2.3220338983050848	7.611363827797585	19.5021366350801	1.0366412383683916	2.2298723888680168	7.135848149041307
529	2	214	6.230229618078527	870.0	1938.0808896190174	107	3.1151148090392633	4.065420560747664	9.056452755229058	138.59292911256333	2.2102640541482446	6.7639905826103135	24.549885661603057
530	3	243	10.82756922495143	623.0	1211.294157163056	81	3.609189741650477	2.5637860082304527	4.984749617954944	124.71166745737946	1.8653446051912994	4.280342013866554	12.887059086777873
531	0	0.0	0.0	0.0	0.0	0.0	0.0	0.0	0.0	0.0	0.0	0.0	0.0
532	1	14	4.236174757661319	350.0	1482.6611651814617	14	4.236174757661319	25.0	105.90436894153297	0.0	0.0	31.065687230076257	131.5996800734506
533	4	489	10.180793261573607	3248.0	6211.446070066478	122.25	2.5451983153934017	6.642126789366054	12.702343701567402	98.10665964483077	1.3676984129023693	26.912135882582415	53.8441182267928
534	3	88	10.689160855247403	193.0	657.6251585269038	29.333333333333332	3.563053618415801	2.1931818181818183	7.473013165078454	11.718930554164631	0.4705960119574967	2.5544999940175646	8.457816155525064
535	3	198	8.31041053132624	919.0	2346.0552847388603	66	2.770136843775414	4.641414141414141	11.848764064337693	33.8673884437522	0.4976691380009249	9.304095600560409	23.902098315536026
536	3	108	10.580709147019903	296.0	934.6648351161696	36	3.5269030490066346	2.740740740740741	8.654304028853431	31.240998703626616	0.8116683822469866	3.824100579295434	13.456277083960828
537	3	346	7.706482650244737	637.0	1131.3172130644757	115.33333333333333	2.568827550081579	1.8410404624277457	3.2697029279319985	106.44403850537302	1.296022768691431	2.7400715242085076	4.290261369425501
538	1	13	4.31028272981504	321.0	1383.600756270628	13	4.31028272981504	24.692307692307693	106.43082740543292	0.0	0.0	26.512212957379397	114.27513363937094
539	3	93	10.478478524371004	407.0	1317.0711553198432	31	3.492826174790335	4.376344086021505	14.162055433546689	12.12435565298214	0.39444579884061426	9.515335423837879	29.71967072553713
540	3	221	8.839694876797083	609.0	1389.1755507423939	73.66666666666667	2.9465649589323615	2.755656108597285	6.285862220553798	66.56074919450151	1.1467894379146994	3.825040362154397	8.887461799179187
541	3	155	9.778769845500436	1463.0	3775.491560604077	51.666666666666664	3.2595899485001456	9.438709677419356	24.358010068413414	47.014182257413914	1.0398944351988533	29.088999989724268	67.98388326737737
542	4	578	8.089070649756525	1660.0	3000.546730774165	144.5	2.0222676624391314	2.8719723183391004	5.191257319678489	90.23118455759443	0.5356662675025258	7.3390914524609885	13.72491564113682
543	2	44	7.921518556942948	113.0	398.00289348658066	22	3.960759278471474	2.5681818181818183	9.0455203065132	16.97056274847714	0.8653399063494924	3.194455423784382	10.680508196693063
544	2	125	6.142586101274646	919.0	3347.6728486515954	62.5	3.071293050637323	7.352	26.78138278921271	61.518289963229634	1.2155166381385072	38.89320696968941	153.16939078710922
545	5	394	14.714455757563742	1062.0	2378.6396636634363	78.8	2.9428911515127485	2.6954314720812182	6.037156506760012	93.15417328278964	0.9694137821601	4.730242632300369	15.702734566720071
546	2	36	7.997891535727521	153.0	598.2115768999962	18	3.9989457678637605	4.25	16.616988247222118	4.242640687119285	0.23792180019586426	4.854305894181548	18.632451597633196
547	2	23	8.882929724097572	56.0	249.77148933260202	11.5	4.441464862048786	2.4347826086956523	10.859629970982695	2.1213203435596424	0.18551955054598385	1.9960435173913815	9.123841816491396
548	5	563	12.844717948581772	2209.0	4097.390651970908	112.6	2.5689435897163544	3.9236234458259327	7.277780909362171	136.1737860235956	0.9175363896782712	6.331826040802097	15.269581258035936
549	4	353	10.769007984697097	1527.0	3651.2435630183686	88.25	2.6922519961742744	4.325779036827195	10.343466184188037	87.61040653560131	0.8257577715956639	9.996808497926644	28.174077428689934
550	2	298	5.081924230642393	669.0	1092.4325665266306	149	2.5409621153211965	2.2449664429530203	3.6658810957269403	181.01933598375618	1.8239784549480922	2.2823561646180024	6.734759071550421
