requete	11pt_avg	P_1	P_10	P_100	P_1000	P_15	P_2	P_20	P_200	P_30	P_5	P_50	P_500	Rndcg	Rprec	bpref	iprec_at_recall_0.00	iprec_at_recall_0.10	iprec_at_recall_0.20	iprec_at_recall_0.30	iprec_at_recall_0.40	iprec_at_recall_0.50	iprec_at_recall_0.60	iprec_at_recall_0.70	iprec_at_recall_0.80	iprec_at_recall_0.90	iprec_at_recall_1.00	map	ndcg	ndcg_cut_10	ndcg_cut_100	ndcg_cut_1000	ndcg_cut_15	ndcg_cut_20	ndcg_cut_200	ndcg_cut_30	ndcg_cut_5	ndcg_cut_500	ndcg_rel	num_rel	num_rel_ret	num_ret	recall_1	recall_10	recall_100	recall_1000	recall_15	recall_2	recall_20	recall_200	recall_30	recall_5	recall_50	recall_500	recip_rank	relative_P_1	relative_P_10	relative_P_100	relative_P_1000	relative_P_15	relative_P_2	relative_P_20	relative_P_200	relative_P_30	relative_P_5	relative_P_50	relative_P_500	set_F	set_P	set_map	set_recall	set_relative_P	success_1	success_10	success_5	
451	0.5815	0.0	0.9000	0.1500	0.0180	0.7333	0.0	0.7000	0.0750	0.4667	1.0000	0.0	0.0340	0.8279	0.6364	0.5909	1.0000	1.0000	1.0000	0.9091	0.9091	0.7647	0.7368	0.0576	0.0195	0.0000	0.0000	0.5840	0.8490	0.9426	0.8175	0.8490	0.8648	0.8354	0.8175	0.8010	0.9344	0.8396	0.8991	22	18	1000	0.0	0.4091	0.6818	0.8182	0.5000	0.0	0.6364	0.6818	0.6364	0.2273	0.0	0.7727	1.0000	0.0	0.9000	0.6818	0.8182	0.7333	0.0	0.7000	0.6818	0.6364	1.0000	0.0	0.7727	0.0352	0.0180	0.0147	0.8182	0.8182	1.0000	1.0000	1.0000	
452	0.1418	0.0	0.8000	0.2900	0.0830	0.6667	0.0	0.5500	0.2050	0.4667	0.6000	0.0	0.1080	0.2998	0.1636	0.1420	1.0000	0.3649	0.1085	0.0864	0.0000	0.0000	0.0000	0.0000	0.0000	0.0000	0.0000	0.0873	0.2938	0.3976	0.3054	0.2938	0.3991	0.3809	0.2414	0.3706	0.3422	0.2302	0.2947	269	83	0.0	0.0	0.0297	0.1078	0.3086	0.0372	0.0	0.0409	0.1524	0.0520	0.0112	0.0	0.2007	1.0000	0.0	0.8000	0.2900	0.3086	0.6667	0.0	0.5500	0.2050	0.4667	0.6000	0.0	0.2007	0.1308	0.0830	0.0256	0.3086	0.3086	1.0000	1.0000	1.0000	
453	0.3669	0.0	0.7000	0.4500	0.0810	0.8000	0.0	0.7500	0.2800	0.6667	0.8000	0.0	0.1400	0.5238	0.4466	0.3753	0.8571	0.8333	0.6562	0.5167	0.4574	0.3824	0.1950	0.1372	0.0000	0.0000	0.0000	0.3489	0.6501	0.3771	0.4783	0.6501	0.4928	0.5230	0.5392	0.5195	0.4152	0.6062	0.5456	103	81	0.0	0.0	0.0680	0.4369	0.7864	0.1165	0.0	0.1456	0.5437	0.1942	0.0388	0.0	0.6796	0.5000	0.0	0.7000	0.4500	0.7864	0.8000	0.0	0.7500	0.5437	0.6667	0.8000	0.0	0.6796	0.1469	0.0810	0.0637	0.7864	0.7864	0.0000	1.0000	1.0000	
454	0.3789	0.0	0.5000	0.4600	0.1270	0.5333	0.0	0.5000	0.3500	0.6000	0.4000	0.0	0.2280	0.5502	0.4143	0.3588	0.6250	0.6250	0.5800	0.5116	0.4496	0.3571	0.3333	0.2943	0.2363	0.1556	0.0000	0.3584	0.7319	0.4304	0.5175	0.7319	0.4661	0.4377	0.5327	0.5375	0.3452	0.6908	0.5818	140	127	0.0	0.0	0.0357	0.3286	0.9071	0.0571	0.0	0.0714	0.5000	0.1286	0.0143	0.0	0.8143	0.5000	0.0	0.5000	0.4600	0.9071	0.5333	0.0	0.5000	0.5000	0.6000	0.4000	0.0	0.8143	0.2228	0.1270	0.1152	0.9071	0.9071	0.0000	1.0000	1.0000	
455	0.2565	0.0	0.3000	0.1300	0.0160	0.3333	0.0	0.4000	0.0800	0.3000	0.6000	0.0	0.0320	0.4196	0.3750	0.2604	0.7500	0.7500	0.4444	0.4444	0.2083	0.1413	0.0833	0.0000	0.0000	0.0000	0.0000	0.2111	0.4908	0.3551	0.4487	0.4908	0.3602	0.3942	0.4908	0.3811	0.4788	0.4908	0.4469	24	16	0.0	0.0	0.1250	0.5417	0.6667	0.2083	0.0	0.3333	0.6667	0.3750	0.1250	0.0	0.6667	0.5000	0.0	0.3000	0.5417	0.6667	0.3333	0.0	0.4000	0.6667	0.3750	0.6000	0.0	0.6667	0.0312	0.0160	0.0107	0.6667	0.6667	0.0000	1.0000	1.0000	
456	0.0012	0.0	0.0000	0.0000	0.0040	0.0000	0.0	0.0000	0.0000	0.0000	0.0000	0.0	0.0000	0.0194	0.0000	0.0000	0.0043	0.0043	0.0043	0.0000	0.0000	0.0000	0.0000	0.0000	0.0000	0.0000	0.0000	0.0009	0.0581	0.0000	0.0000	0.0581	0.0000	0.0000	0.0000	0.0000	0.0000	0.0000	0.0520	14	4	0.0	0.0	0.0000	0.0000	0.2857	0.0000	0.0	0.0000	0.0000	0.0000	0.0000	0.0	0.0000	0.0020	0.0	0.0000	0.0000	0.2857	0.0000	0.0	0.0000	0.0000	0.0000	0.0000	0.0	0.0000	0.0079	0.0040	0.0011	0.2857	0.2857	0.0000	0.0000	0.0000	
457	0.1182	0.0	0.3000	0.1200	0.0540	0.2000	0.0	0.1500	0.1450	0.1333	0.2000	0.0	0.0960	0.2518	0.1159	0.0777	0.3750	0.1556	0.1522	0.1522	0.1522	0.1120	0.1120	0.0891	0.0000	0.0000	0.0000	0.1033	0.4581	0.1617	0.1631	0.4581	0.1400	0.1250	0.3031	0.1219	0.0656	0.4212	0.3229	69	54	0.0	0.0	0.0435	0.1739	0.7826	0.0435	0.0	0.0435	0.4203	0.0580	0.0145	0.0	0.6957	0.2000	0.0	0.3000	0.1739	0.7826	0.2000	0.0	0.1500	0.4203	0.1333	0.2000	0.0	0.6957	0.1010	0.0540	0.0423	0.7826	0.7826	0.0000	1.0000	1.0000	
458	0.0266	0.0	0.0000	0.0600	0.0140	0.0000	0.0	0.0000	0.0400	0.0333	0.0000	0.0	0.0220	0.0789	0.0571	0.0155	0.0952	0.0952	0.0556	0.0248	0.0221	0.0000	0.0000	0.0000	0.0000	0.0000	0.0000	0.0204	0.1990	0.0000	0.1006	0.1990	0.0000	0.0000	0.1256	0.0221	0.0000	0.1697	0.1669	35	14	0.0	0.0	0.0000	0.1714	0.4000	0.0000	0.0	0.0000	0.2286	0.0286	0.0000	0.0	0.3143	0.0476	0.0	0.0000	0.1714	0.4000	0.0000	0.0	0.0000	0.2286	0.0333	0.0000	0.0	0.3143	0.0271	0.0140	0.0056	0.4000	0.4000	0.0000	0.0000	0.0000	
459	0.2159	0.0	0.4000	0.1900	0.0330	0.2667	0.0	0.2500	0.1150	0.2000	0.6000	0.0	0.0620	0.5892	0.2558	0.1585	1.0000	0.2750	0.2750	0.2308	0.1979	0.1901	0.1140	0.0917	0.0000	0.0000	0.0000	0.1965	0.6370	0.6090	0.5075	0.6370	0.5179	0.4796	0.5474	0.4126	0.7227	0.6227	0.5766	43	33	0.0	0.0	0.0930	0.4419	0.7674	0.0930	0.0	0.1163	0.5349	0.1395	0.0698	0.0	0.7209	1.0000	0.0	0.4000	0.4419	0.7674	0.2667	0.0	0.2500	0.5349	0.2000	0.6000	0.0	0.7209	0.0633	0.0330	0.0253	0.7674	0.7674	1.0000	1.0000	1.0000	
460	0.1240	0.0	0.0000	0.1800	0.0500	0.0000	0.0	0.0000	0.1400	0.0333	0.0000	0.0	0.0940	0.2776	0.0984	0.1080	0.1875	0.1875	0.1875	0.1863	0.1591	0.1410	0.1375	0.1164	0.0610	0.0000	0.0000	0.1078	0.4777	0.0000	0.2051	0.4777	0.0000	0.0000	0.2998	0.0230	0.0000	0.4564	0.3063	61	50	0.0	0.0	0.0000	0.2951	0.8197	0.0000	0.0	0.0000	0.4590	0.0164	0.0000	0.0	0.7705	0.0385	0.0	0.0000	0.2951	0.8197	0.0000	0.0	0.0000	0.4590	0.0333	0.0000	0.0	0.7705	0.0943	0.0500	0.0410	0.8197	0.8197	0.0000	0.0000	0.0000	
461	0.6150	0.0	0.3000	0.0300	0.0040	0.2000	0.0	0.1500	0.0150	0.1000	0.6000	0.0	0.0060	0.6184	0.7500	0.6250	1.0000	1.0000	1.0000	0.7500	0.7500	0.7500	0.7500	0.7500	0.0050	0.0050	0.0050	0.6054	0.6921	0.6630	0.6630	0.6921	0.6630	0.6630	0.6630	0.6630	0.6630	0.6630	0.5835	4	4	0.0	0.0	0.7500	0.7500	1.0000	0.7500	0.0	0.7500	0.7500	0.7500	0.7500	0.0	0.7500	1.0000	0.0	0.7500	0.7500	1.0000	0.7500	0.0	0.7500	0.7500	0.7500	0.7500	0.0	0.7500	0.0080	0.0040	0.0040	1.0000	1.0000	1.0000	1.0000	1.0000	
462	0.2709	0.0	0.3000	0.1200	0.0220	0.2667	0.0	0.3500	0.0800	0.3000	0.6000	0.0	0.0380	0.3993	0.3000	0.2078	1.0000	1.0000	0.3500	0.3000	0.1429	0.0877	0.0735	0.0261	0.0000	0.0000	0.0000	0.1977	0.4821	0.2999	0.3669	0.4821	0.2842	0.3225	0.4245	0.2997	0.3867	0.4557	0.4206	30	22	0.0	0.0	0.1000	0.4000	0.7333	0.1333	0.0	0.2333	0.5333	0.3000	0.1000	0.0	0.6333	1.0000	0.0	0.3000	0.4000	0.7333	0.2667	0.0	0.3500	0.5333	0.3000	0.6000	0.0	0.6333	0.0427	0.0220	0.0161	0.7333	0.7333	1.0000	1.0000	1.0000	
463	0.0000	0.0	0.0000	0.0000	0.0000	0.0000	0.0	0.0000	0.0000	0.0000	0.0000	0.0	0.0000	0.0000	0.0000	0.0000	0.0000	0.0000	0.0000	0.0000	0.0000	0.0000	0.0000	0.0000	0.0000	0.0000	0.0000	0.0000	0.0000	0.0000	0.0000	0.0000	0.0000	0.0000	0.0000	0.0000	0.0000	0.0000	0.0000	93	0	0.0	0.0	0.0000	0.0000	0.0000	0.0000	0.0	0.0000	0.0000	0.0000	0.0000	0.0	0.0000	0.0000	0.0	0.0000	0.0000	0.0000	0.0000	0.0	0.0000	0.0000	0.0000	0.0000	0.0	0.0000	0.0000	0.0000	0.0000	0.0000	0.0000	0.0000	0.0000	0.0000	
464	0.0013	0.0	0.0000	0.0100	0.0020	0.0000	0.0	0.0000	0.0050	0.0000	0.0000	0.0	0.0040	0.0125	0.0000	0.0000	0.0101	0.0041	0.0000	0.0000	0.0000	0.0000	0.0000	0.0000	0.0000	0.0000	0.0000	0.0011	0.0376	0.0000	0.0215	0.0376	0.0000	0.0000	0.0215	0.0000	0.0000	0.0376	0.0363	13	2	0.0	0.0	0.0000	0.0769	0.1538	0.0000	0.0	0.0000	0.0769	0.0000	0.0000	0.0	0.1538	0.0101	0.0	0.0000	0.0769	0.1538	0.0000	0.0	0.0000	0.0769	0.0000	0.0000	0.0	0.1538	0.0039	0.0020	0.0003	0.1538	0.1538	0.0000	0.0000	0.0000	
465	0.0088	0.0	0.0000	0.0300	0.0110	0.0000	0.0	0.0000	0.0250	0.0333	0.0000	0.0	0.0100	0.0490	0.0278	0.0085	0.0385	0.0320	0.0136	0.0130	0.0000	0.0000	0.0000	0.0000	0.0000	0.0000	0.0000	0.0063	0.1315	0.0000	0.0378	0.1315	0.0000	0.0000	0.0685	0.0169	0.0000	0.0685	0.1157	36	11	0.0	0.0	0.0000	0.0833	0.3056	0.0000	0.0	0.0000	0.1389	0.0278	0.0000	0.0	0.1389	0.0385	0.0	0.0000	0.0833	0.3056	0.0000	0.0	0.0000	0.1389	0.0333	0.0000	0.0	0.1389	0.0212	0.0110	0.0034	0.3056	0.3056	0.0000	0.0000	0.0000	
466	0.5909	0.0	0.1000	0.0200	0.0020	0.0667	0.0	0.1000	0.0100	0.0667	0.2000	0.0	0.0040	0.8690	0.5000	0.5000	1.0000	1.0000	1.0000	1.0000	1.0000	1.0000	0.1000	0.1000	0.1000	0.1000	0.1000	0.5500	0.8467	0.7602	0.8467	0.8467	0.7602	0.8467	0.8467	0.8467	0.7602	0.8467	0.9234	2	2	0.0	0.0	0.5000	1.0000	1.0000	0.5000	0.0	1.0000	1.0000	1.0000	0.5000	0.0	1.0000	1.0000	0.0	0.5000	1.0000	1.0000	0.5000	0.0	1.0000	1.0000	1.0000	0.5000	0.0	1.0000	0.0040	0.0020	0.0020	1.0000	1.0000	1.0000	1.0000	1.0000	
467	0.2207	0.0	0.4000	0.1800	0.0560	0.4000	0.0	0.3500	0.1200	0.2333	0.6000	0.0	0.0800	0.6415	0.2333	0.1558	1.0000	0.4000	0.2449	0.2308	0.1558	0.0812	0.0812	0.0800	0.0779	0.0758	0.0000	0.1756	0.6933	0.6846	0.4367	0.6933	0.6375	0.5834	0.4867	0.4778	0.7735	0.5932	0.5813	60	56	0.0	0.0	0.0667	0.3000	0.9333	0.1000	0.0	0.1167	0.4000	0.1167	0.0500	0.0	0.6667	1.0000	0.0	0.4000	0.3000	0.9333	0.4000	0.0	0.3500	0.4000	0.2333	0.6000	0.0	0.6667	0.1057	0.0560	0.0523	0.9333	0.9333	1.0000	1.0000	1.0000	
468	0.0267	0.0	0.0000	0.0300	0.0200	0.0667	0.0	0.0500	0.0200	0.0333	0.0000	0.0	0.0180	0.0988	0.0345	0.0178	0.0750	0.0750	0.0287	0.0287	0.0287	0.0287	0.0287	0.0000	0.0000	0.0000	0.0000	0.0200	0.2601	0.0000	0.0642	0.2601	0.0468	0.0421	0.0844	0.0363	0.0000	0.1503	0.1892	29	20	0.0	0.0	0.0000	0.1034	0.6897	0.0345	0.0	0.0345	0.1379	0.0345	0.0000	0.0	0.3103	0.0667	0.0	0.0000	0.1034	0.6897	0.0667	0.0	0.0500	0.1379	0.0345	0.0000	0.0	0.3103	0.0389	0.0200	0.0138	0.6897	0.6897	0.0000	0.0000	0.0000	
469	0.0666	0.0	0.1000	0.0200	0.0110	0.0667	0.0	0.0500	0.0200	0.0333	0.2000	0.0	0.0160	0.2711	0.0909	0.0826	0.5000	0.0315	0.0315	0.0315	0.0234	0.0234	0.0221	0.0221	0.0163	0.0163	0.0142	0.0645	0.3960	0.1776	0.1913	0.3960	0.1709	0.1709	0.2689	0.1709	0.2290	0.3525	0.3214	11	11	0.0	0.0	0.0909	0.1818	1.0000	0.0909	0.0	0.0909	0.3636	0.0909	0.0909	0.0	0.7273	0.5000	0.0	0.1000	0.1818	1.0000	0.0909	0.0	0.0909	0.3636	0.0909	0.2000	0.0	0.7273	0.0246	0.0124	0.0124	1.0000	1.0000	0.0000	1.0000	1.0000	
470	0.1655	0.0	0.2000	0.0500	0.0160	0.1333	0.0	0.1000	0.0450	0.0667	0.2000	0.0	0.0320	0.4955	0.1250	0.1055	1.0000	0.2857	0.0676	0.0676	0.0571	0.0571	0.0571	0.0571	0.0571	0.0571	0.0571	0.1280	0.5718	0.3779	0.3664	0.5718	0.3114	0.3016	0.4584	0.3016	0.4367	0.5718	0.4920	16	16	0.0	0.0	0.1250	0.3125	1.0000	0.1250	0.0	0.1250	0.5625	0.1250	0.0625	0.0	1.0000	1.0000	0.0	0.2000	0.3125	1.0000	0.1333	0.0	0.1250	0.5625	0.1250	0.2000	0.0	1.0000	0.1070	0.0565	0.0565	1.0000	1.0000	1.0000	1.0000	1.0000	
471	0.0341	0.0	0.0000	0.0100	0.0060	0.0667	0.0	0.0500	0.0250	0.0333	0.0000	0.0	0.0100	0.0829	0.0000	0.0000	0.0909	0.0909	0.0370	0.0370	0.0370	0.0370	0.0370	0.0076	0.0000	0.0000	0.0000	0.0258	0.2488	0.0000	0.1126	0.2488	0.1126	0.1126	0.2279	0.1126	0.0000	0.2279	0.1999	8	6	0.0	0.0	0.0000	0.1250	0.7500	0.1250	0.0	0.1250	0.6250	0.1250	0.0000	0.0	0.6250	0.0909	0.0	0.0000	0.1250	0.7500	0.1250	0.0	0.1250	0.6250	0.1250	0.0000	0.0	0.6250	0.0119	0.0060	0.0045	0.7500	0.7500	0.0000	0.0000	0.0000	
472	0.0390	0.0	0.1000	0.0600	0.0150	0.1333	0.0	0.1000	0.0400	0.0667	0.0000	0.0	0.0200	0.0985	0.0690	0.0511	0.1818	0.0857	0.0857	0.0338	0.0229	0.0195	0.0000	0.0000	0.0000	0.0000	0.0000	0.0308	0.2376	0.0540	0.1380	0.2376	0.0817	0.0706	0.1635	0.0578	0.0000	0.1865	0.1958	29	15	0.0	0.0	0.0345	0.2069	0.5172	0.0690	0.0	0.0690	0.2759	0.0690	0.0000	0.0	0.3448	0.1429	0.0	0.1000	0.2069	0.5172	0.1333	0.0	0.1000	0.2759	0.0690	0.0000	0.0	0.3448	0.0292	0.0150	0.0078	0.5172	0.5172	0.0000	1.0000	0.0000	
473	0.0000	0.0	0.0000	0.0000	0.0000	0.0000	0.0	0.0000	0.0000	0.0000	0.0000	0.0	0.0000	0.0000	0.0000	0.0000	0.0000	0.0000	0.0000	0.0000	0.0000	0.0000	0.0000	0.0000	0.0000	0.0000	0.0000	0.0000	0.0000	0.0000	0.0000	0.0000	0.0000	0.0000	0.0000	0.0000	0.0000	0.0000	0.0000	1	0	0.0	0.0	0.0000	0.0000	0.0000	0.0000	0.0	0.0000	0.0000	0.0000	0.0000	0.0	0.0000	0.0000	0.0	0.0000	0.0000	0.0000	0.0000	0.0	0.0000	0.0000	0.0000	0.0000	0.0	0.0000	0.0000	0.0000	0.0000	0.0000	0.0000	0.0000	0.0000	0.0000	
474	0.0005	0.0	0.0000	0.0000	0.0040	0.0000	0.0	0.0000	0.0000	0.0000	0.0000	0.0	0.0040	0.0090	0.0000	0.0000	0.0060	0.0000	0.0000	0.0000	0.0000	0.0000	0.0000	0.0000	0.0000	0.0000	0.0000	0.0003	0.0271	0.0000	0.0000	0.0271	0.0000	0.0000	0.0000	0.0000	0.0000	0.0144	0.0264	59	4	0.0	0.0	0.0000	0.0000	0.0678	0.0000	0.0	0.0000	0.0000	0.0000	0.0000	0.0	0.0339	0.0030	0.0	0.0000	0.0000	0.0678	0.0000	0.0	0.0000	0.0000	0.0000	0.0000	0.0	0.0339	0.0076	0.0040	0.0003	0.0678	0.0678	0.0000	0.0000	0.0000	
475	0.0606	0.0	0.3000	0.0700	0.0160	0.2667	0.0	0.2500	0.0400	0.2000	0.2000	0.0	0.0240	0.1514	0.1556	0.1358	0.3333	0.2778	0.0353	0.0198	0.0000	0.0000	0.0000	0.0000	0.0000	0.0000	0.0000	0.0464	0.2627	0.2343	0.1914	0.2627	0.2297	0.2260	0.2009	0.2040	0.1404	0.2338	0.2500	45	16	0.0	0.0	0.0667	0.1556	0.3556	0.0889	0.0	0.1111	0.1778	0.1333	0.0222	0.0	0.2667	0.2000	0.0	0.3000	0.1556	0.3556	0.2667	0.0	0.2500	0.1778	0.2000	0.2000	0.0	0.2667	0.0306	0.0160	0.0057	0.3556	0.3556	0.0000	1.0000	1.0000	
476	0.2875	0.0	0.3000	0.3900	0.0600	0.3333	0.0	0.3000	0.2650	0.2667	0.4000	0.0	0.1180	0.3463	0.3830	0.2808	1.0000	0.4037	0.4037	0.4037	0.4037	0.3906	0.1575	0.0000	0.0000	0.0000	0.0000	0.2204	0.5082	0.2033	0.3730	0.5082	0.2304	0.2268	0.4741	0.2564	0.2544	0.5040	0.4104	94	60	0.0	0.0	0.0319	0.4149	0.6383	0.0532	0.0	0.0638	0.5638	0.0851	0.0213	0.0	0.6277	1.0000	0.0	0.3000	0.4149	0.6383	0.3333	0.0	0.3000	0.5638	0.2667	0.4000	0.0	0.6277	0.1097	0.0600	0.0383	0.6383	0.6383	1.0000	1.0000	1.0000	
477	0.0125	0.0	0.0000	0.0100	0.0020	0.0000	0.0	0.0000	0.0100	0.0000	0.0000	0.0	0.0040	0.0556	0.0000	0.0000	0.0125	0.0125	0.0125	0.0125	0.0125	0.0125	0.0125	0.0125	0.0125	0.0125	0.0125	0.0114	0.1668	0.0000	0.1149	0.1668	0.0000	0.0000	0.1668	0.0000	0.0000	0.1668	0.1408	2	2	0.0	0.0	0.0000	0.5000	1.0000	0.0000	0.0	0.0000	1.0000	0.0000	0.0000	0.0	1.0000	0.0103	0.0	0.0000	0.5000	1.0000	0.0000	0.0	0.0000	1.0000	0.0000	0.0000	0.0	1.0000	0.0040	0.0020	0.0020	1.0000	1.0000	0.0000	0.0000	0.0000	
478	0.0145	0.0	0.0000	0.0500	0.0230	0.0000	0.0	0.0000	0.0400	0.0000	0.0000	0.0	0.0400	0.0675	0.0505	0.0208	0.0656	0.0495	0.0441	0.0000	0.0000	0.0000	0.0000	0.0000	0.0000	0.0000	0.0000	0.0101	0.1525	0.0000	0.0501	0.1525	0.0000	0.0000	0.0732	0.0000	0.0000	0.1395	0.1387	99	23	0.0	0.0	0.0000	0.0505	0.2323	0.0000	0.0	0.0000	0.0808	0.0000	0.0000	0.0	0.2020	0.0256	0.0	0.0000	0.0505	0.2323	0.0000	0.0	0.0000	0.0808	0.0000	0.0000	0.0	0.2020	0.0419	0.0230	0.0053	0.2323	0.2323	0.0000	0.0000	0.0000	
479	0.2654	0.0	0.4000	0.2000	0.0570	0.4000	0.0	0.4000	0.2000	0.3000	0.8000	0.0	0.1040	0.3972	0.2206	0.1754	1.0000	0.4444	0.2885	0.2450	0.2450	0.2450	0.2038	0.1538	0.0932	0.0000	0.0000	0.2209	0.6052	0.3753	0.3238	0.6052	0.3816	0.4133	0.4843	0.3518	0.5061	0.5744	0.4673	68	57	0.0	0.0	0.0588	0.2941	0.8382	0.0882	0.0	0.1176	0.5882	0.1324	0.0588	0.0	0.7647	1.0000	0.0	0.4000	0.2941	0.8382	0.4000	0.0	0.4000	0.5882	0.3000	0.8000	0.0	0.7647	0.1067	0.0570	0.0478	0.8382	0.8382	1.0000	1.0000	1.0000	
480	0.0016	0.0	0.0000	0.0000	0.0040	0.0000	0.0	0.0000	0.0050	0.0000	0.0000	0.0	0.0040	0.0197	0.0000	0.0000	0.0069	0.0057	0.0046	0.0000	0.0000	0.0000	0.0000	0.0000	0.0000	0.0000	0.0000	0.0011	0.0592	0.0000	0.0000	0.0592	0.0000	0.0000	0.0178	0.0000	0.0000	0.0330	0.0549	19	4	0.0	0.0	0.0000	0.0000	0.2105	0.0000	0.0	0.0000	0.0526	0.0000	0.0000	0.0	0.1053	0.0069	0.0	0.0000	0.0000	0.2105	0.0000	0.0	0.0000	0.0526	0.0000	0.0000	0.0	0.1053	0.0079	0.0040	0.0008	0.2105	0.2105	0.0000	0.0000	0.0000	
481	0.2663	0.0	0.5000	0.1300	0.0240	0.4000	0.0	0.4000	0.0850	0.3333	0.8000	0.0	0.0420	0.6311	0.3226	0.2820	1.0000	0.8000	0.4444	0.3333	0.1548	0.0924	0.0642	0.0399	0.0000	0.0000	0.0000	0.2646	0.6298	0.6237	0.5059	0.6298	0.5512	0.5317	0.5566	0.4653	0.7682	0.6007	0.6157	31	24	0.0	0.0	0.1613	0.4194	0.7742	0.1935	0.0	0.2581	0.5484	0.3226	0.1290	0.0	0.6774	1.0000	0.0	0.5000	0.4194	0.7742	0.4000	0.0	0.4000	0.5484	0.3333	0.8000	0.0	0.6774	0.0466	0.0240	0.0186	0.7742	0.7742	1.0000	1.0000	1.0000	
482	0.0696	0.0	0.1000	0.0300	0.0080	0.1333	0.0	0.1500	0.0200	0.1000	0.0000	0.0	0.0100	0.1681	0.1250	0.0469	0.1667	0.1667	0.1538	0.1500	0.0377	0.0377	0.0127	0.0113	0.0110	0.0088	0.0088	0.0690	0.3606	0.1438	0.2428	0.3606	0.1968	0.2428	0.2728	0.2428	0.0000	0.2962	0.2742	8	8	0.0	0.0	0.1250	0.3750	1.0000	0.2500	0.0	0.3750	0.5000	0.3750	0.0000	0.0	0.6250	0.1667	0.0	0.1250	0.3750	1.0000	0.2500	0.0	0.3750	0.5000	0.3750	0.0000	0.0	0.6250	0.0159	0.0080	0.0080	1.0000	1.0000	0.0000	1.0000	0.0000	
483	0.0324	0.0	0.0000	0.0300	0.0110	0.0000	0.0	0.1000	0.0300	0.0667	0.0000	0.0	0.0200	0.0870	0.0000	0.0000	0.1000	0.1000	0.0381	0.0373	0.0270	0.0270	0.0270	0.0000	0.0000	0.0000	0.0000	0.0272	0.2611	0.0000	0.1048	0.2611	0.0000	0.0838	0.1898	0.0838	0.0000	0.2477	0.2003	16	11	0.0	0.0	0.0000	0.1875	0.6875	0.0000	0.0	0.1250	0.3750	0.1250	0.0000	0.0	0.6250	0.0526	0.0	0.0000	0.1875	0.6875	0.0000	0.0	0.1250	0.3750	0.1250	0.0000	0.0	0.6250	0.0217	0.0110	0.0076	0.6875	0.6875	0.0000	0.0000	0.0000	
484	0.2678	0.0	0.2000	0.0900	0.0090	0.1333	0.0	0.2000	0.0450	0.1667	0.4000	0.0	0.0180	0.5983	0.1538	0.1538	1.0000	1.0000	0.2222	0.2222	0.1750	0.1750	0.1509	0.0000	0.0000	0.0000	0.0000	0.2483	0.6116	0.4261	0.6116	0.6116	0.3766	0.4790	0.6116	0.5088	0.5745	0.6116	0.6116	13	9	0.0	0.0	0.1538	0.6923	0.6923	0.1538	0.0	0.3077	0.6923	0.3846	0.1538	0.0	0.6923	1.0000	0.0	0.2000	0.6923	0.6923	0.1538	0.0	0.3077	0.6923	0.3846	0.4000	0.0	0.6923	0.0178	0.0090	0.0062	0.6923	0.6923	1.0000	1.0000	1.0000	
485	1.0000	0.0	0.2000	0.0200	0.0020	0.1333	0.0	0.1000	0.0100	0.0667	0.4000	0.0	0.0040	1.0000	1.0000	1.0000	1.0000	1.0000	1.0000	1.0000	1.0000	1.0000	1.0000	1.0000	1.0000	1.0000	1.0000	1.0000	1.0000	1.0000	1.0000	1.0000	1.0000	1.0000	1.0000	1.0000	1.0000	1.0000	1.0000	2	2	0.0	0.0	1.0000	1.0000	1.0000	1.0000	0.0	1.0000	1.0000	1.0000	1.0000	0.0	1.0000	1.0000	0.0	1.0000	1.0000	1.0000	1.0000	0.0	1.0000	1.0000	1.0000	1.0000	0.0	1.0000	0.0040	0.0020	0.0020	1.0000	1.0000	1.0000	1.0000	1.0000	
486	0.8364	0.0	0.4000	0.0400	0.0040	0.2667	0.0	0.2000	0.0200	0.1333	0.6000	0.0	0.0080	0.8883	0.7500	0.7500	1.0000	1.0000	1.0000	1.0000	1.0000	1.0000	1.0000	1.0000	0.4000	0.4000	0.4000	0.8500	0.9447	0.9447	0.9447	0.9447	0.9447	0.9447	0.9447	0.9447	0.8319	0.9447	0.9862	4	4	0.0	0.0	1.0000	1.0000	1.0000	1.0000	0.0	1.0000	1.0000	1.0000	0.7500	0.0	1.0000	1.0000	0.0	1.0000	1.0000	1.0000	1.0000	0.0	1.0000	1.0000	1.0000	0.7500	0.0	1.0000	0.0080	0.0040	0.0040	1.0000	1.0000	1.0000	1.0000	1.0000	
487	0.0000	0.0	0.0000	0.0000	0.0000	0.0000	0.0	0.0000	0.0000	0.0000	0.0000	0.0	0.0000	0.0000	0.0000	0.0000	0.0000	0.0000	0.0000	0.0000	0.0000	0.0000	0.0000	0.0000	0.0000	0.0000	0.0000	0.0000	0.0000	0.0000	0.0000	0.0000	0.0000	0.0000	0.0000	0.0000	0.0000	0.0000	0.0000	14	0	0.0	0.0	0.0000	0.0000	0.0000	0.0000	0.0	0.0000	0.0000	0.0000	0.0000	0.0	0.0000	0.0000	0.0	0.0000	0.0000	0.0000	0.0000	0.0	0.0000	0.0000	0.0000	0.0000	0.0	0.0000	0.0000	0.0000	0.0000	0.0000	0.0000	0.0000	0.0000	0.0000	
488	0.0705	0.0	0.2000	0.0800	0.0250	0.1333	0.0	0.1000	0.0750	0.1000	0.0000	0.0	0.0440	0.1565	0.0857	0.0580	0.2000	0.1026	0.1014	0.1014	0.1014	0.0747	0.0675	0.0262	0.0000	0.0000	0.0000	0.0607	0.3695	0.1612	0.1752	0.3695	0.1302	0.1111	0.2641	0.1097	0.0000	0.3415	0.2747	35	25	0.0	0.0	0.0571	0.2286	0.7143	0.0571	0.0	0.0571	0.4286	0.0857	0.0000	0.0	0.6286	0.1250	0.0	0.2000	0.2286	0.7143	0.1333	0.0	0.1000	0.4286	0.1000	0.0000	0.0	0.6286	0.0483	0.0250	0.0179	0.7143	0.7143	0.0000	1.0000	0.0000	
489	0.0563	0.0	0.1000	0.0500	0.0130	0.1333	0.0	0.1500	0.0350	0.1000	0.0000	0.0	0.0220	0.1432	0.1667	0.0648	0.1818	0.1818	0.1053	0.0579	0.0236	0.0236	0.0236	0.0222	0.0000	0.0000	0.0000	0.0497	0.3105	0.0433	0.1826	0.3105	0.0711	0.1192	0.2324	0.1192	0.0000	0.2852	0.2359	18	13	0.0	0.0	0.0556	0.2778	0.7222	0.1111	0.0	0.1667	0.3889	0.1667	0.0000	0.0	0.6111	0.1000	0.0	0.1000	0.2778	0.7222	0.1333	0.0	0.1667	0.3889	0.1667	0.0000	0.0	0.6111	0.0255	0.0130	0.0094	0.7222	0.7222	0.0000	1.0000	0.0000	
490	0.1950	0.0	0.3000	0.1900	0.0460	0.2667	0.0	0.2500	0.1200	0.2333	0.6000	0.0	0.0780	0.4770	0.2459	0.1669	1.0000	0.3077	0.2727	0.2184	0.1131	0.0924	0.0870	0.0538	0.0000	0.0000	0.0000	0.1578	0.5645	0.4179	0.3710	0.5645	0.3838	0.3620	0.4172	0.3534	0.5309	0.5177	0.4890	61	46	0.0	0.0	0.0492	0.3115	0.7541	0.0656	0.0	0.0820	0.3934	0.1148	0.0492	0.0	0.6393	1.0000	0.0	0.3000	0.3115	0.7541	0.2667	0.0	0.2500	0.3934	0.2333	0.6000	0.0	0.6393	0.0867	0.0460	0.0347	0.7541	0.7541	1.0000	1.0000	1.0000	
491	0.0027	0.0	0.0000	0.0100	0.0040	0.0000	0.0	0.0000	0.0100	0.0000	0.0000	0.0	0.0060	0.0240	0.0000	0.0000	0.0152	0.0142	0.0000	0.0000	0.0000	0.0000	0.0000	0.0000	0.0000	0.0000	0.0000	0.0023	0.0721	0.0000	0.0175	0.0721	0.0000	0.0000	0.0474	0.0000	0.0000	0.0611	0.0678	21	4	0.0	0.0	0.0000	0.0476	0.1905	0.0000	0.0	0.0000	0.0952	0.0000	0.0000	0.0	0.1429	0.0152	0.0	0.0000	0.0476	0.1905	0.0000	0.0	0.0000	0.0952	0.0000	0.0000	0.0	0.1429	0.0078	0.0040	0.0008	0.1905	0.1905	0.0000	0.0000	0.0000	
492	0.3026	0.0	0.6000	0.1700	0.0350	0.5333	0.0	0.4000	0.1150	0.3667	0.8000	0.0	0.0640	0.5153	0.3077	0.2847	1.0000	0.8000	0.5333	0.3871	0.1860	0.1439	0.1182	0.0943	0.0654	0.0000	0.0000	0.2794	0.6405	0.5138	0.4685	0.6405	0.5265	0.4588	0.5327	0.4502	0.4957	0.6162	0.5369	39	35	0.0	0.0	0.1538	0.4359	0.8974	0.2051	0.0	0.2051	0.5897	0.2821	0.1026	0.0	0.8205	1.0000	0.0	0.6000	0.4359	0.8974	0.5333	0.0	0.4000	0.5897	0.3667	0.8000	0.0	0.8205	0.0674	0.0350	0.0314	0.8974	0.8974	1.0000	1.0000	1.0000	
493	0.0292	0.0	0.0000	0.0400	0.0220	0.2000	0.0	0.1500	0.0200	0.1000	0.0000	0.0	0.0200	0.1089	0.0889	0.0593	0.2143	0.0267	0.0267	0.0267	0.0267	0.0000	0.0000	0.0000	0.0000	0.0000	0.0000	0.0219	0.2369	0.0000	0.0900	0.2369	0.1346	0.1173	0.0900	0.0952	0.0000	0.1400	0.1968	45	22	0.0	0.0	0.0000	0.0889	0.4889	0.0667	0.0	0.0667	0.0889	0.0667	0.0000	0.0	0.2222	0.0909	0.0	0.0000	0.0889	0.4889	0.2000	0.0	0.1500	0.0889	0.1000	0.0000	0.0	0.2222	0.0421	0.0220	0.0108	0.4889	0.4889	0.0000	0.0000	0.0000	
494	0.2183	0.0	0.8000	0.3800	0.1180	0.7333	0.0	0.6500	0.2450	0.5000	0.8000	0.0	0.1300	0.4101	0.2513	0.2106	1.0000	0.4468	0.3894	0.1720	0.1385	0.1340	0.1202	0.0000	0.0000	0.0000	0.0000	0.1796	0.5220	0.5122	0.4119	0.5220	0.4850	0.4370	0.3288	0.3754	0.5074	0.3820	0.4668	195	118	0.0	0.0	0.0410	0.1949	0.6051	0.0564	0.0	0.0667	0.2513	0.0769	0.0205	0.0	0.3333	1.0000	0.0	0.8000	0.3800	0.6051	0.7333	0.0	0.6500	0.2513	0.5000	0.8000	0.0	0.3333	0.1975	0.1180	0.0714	0.6051	0.6051	1.0000	1.0000	1.0000	
495	0.0757	0.0	0.3000	0.2600	0.1440	0.2000	0.0	0.2500	0.2500	0.2667	0.4000	0.0	0.1800	0.2086	0.1811	0.2435	0.4000	0.2476	0.1852	0.0000	0.0000	0.0000	0.0000	0.0000	0.0000	0.0000	0.0000	0.0595	0.2622	0.1692	0.2228	0.2622	0.1311	0.1421	0.2345	0.1661	0.2117	0.1921	0.2494	519	144	0.0	0.0	0.0058	0.0501	0.2775	0.0058	0.0	0.0096	0.0963	0.0154	0.0039	0.0	0.1734	0.2500	0.0	0.3000	0.2600	0.2775	0.2000	0.0	0.2500	0.2500	0.2667	0.4000	0.0	0.1800	0.1896	0.1440	0.0400	0.2775	0.2775	0.0000	1.0000	1.0000	
496	0.3235	0.0	0.3000	0.1200	0.0180	0.2667	0.0	0.2500	0.0900	0.2333	0.6000	0.0	0.0360	0.6783	0.2778	0.2068	1.0000	1.0000	0.3125	0.2414	0.1930	0.1930	0.1930	0.1215	0.1128	0.0957	0.0957	0.2968	0.7427	0.5656	0.6409	0.7427	0.4995	0.4855	0.7427	0.5359	0.7626	0.7427	0.6618	18	18	0.0	0.0	0.1667	0.6667	1.0000	0.2222	0.0	0.2778	1.0000	0.3889	0.1667	0.0	1.0000	1.0000	0.0	0.3000	0.6667	1.0000	0.2667	0.0	0.2778	1.0000	0.3889	0.6000	0.0	1.0000	0.1600	0.0870	0.0870	1.0000	1.0000	1.0000	1.0000	1.0000	
497	0.3120	0.0	0.4000	0.0400	0.0090	0.2667	0.0	0.2000	0.0200	0.1333	0.6000	0.0	0.0160	0.5083	0.4444	0.3704	0.6667	0.6667	0.6667	0.6667	0.6667	0.0205	0.0205	0.0169	0.0160	0.0122	0.0122	0.2797	0.5762	0.4405	0.4405	0.5762	0.4405	0.4405	0.4405	0.4405	0.5148	0.5515	0.5134	9	9	0.0	0.0	0.4444	0.4444	1.0000	0.4444	0.0	0.4444	0.4444	0.4444	0.3333	0.0	0.8889	0.5000	0.0	0.4444	0.4444	1.0000	0.4444	0.0	0.4444	0.4444	0.4444	0.6000	0.0	0.8889	0.0178	0.0090	0.0090	1.0000	1.0000	0.0000	1.0000	1.0000	
498	0.0658	0.0	0.1000	0.0100	0.0050	0.0667	0.0	0.0500	0.0050	0.0333	0.2000	0.0	0.0060	0.1894	0.1667	0.1111	0.3333	0.3333	0.0082	0.0082	0.0082	0.0082	0.0082	0.0082	0.0082	0.0000	0.0000	0.0600	0.3359	0.2323	0.2323	0.3359	0.2323	0.2323	0.2323	0.2323	0.2533	0.2858	0.3078	6	5	0.0	0.0	0.1667	0.1667	0.8333	0.1667	0.0	0.1667	0.1667	0.1667	0.1667	0.0	0.5000	0.3333	0.0	0.1667	0.1667	0.8333	0.1667	0.0	0.1667	0.1667	0.1667	0.2000	0.0	0.5000	0.0099	0.0050	0.0042	0.8333	0.8333	0.0000	1.0000	1.0000	
499	0.5105	0.0	0.2000	0.0200	0.0030	0.1333	0.0	0.1000	0.0100	0.0667	0.4000	0.0	0.0040	0.5855	0.3333	0.3333	1.0000	1.0000	1.0000	1.0000	0.4000	0.4000	0.4000	0.4000	0.0050	0.0050	0.0050	0.4683	0.7016	0.6508	0.6508	0.7016	0.6508	0.6508	0.6508	0.6508	0.6508	0.6508	0.7842	3	3	0.0	0.0	0.6667	0.6667	1.0000	0.6667	0.0	0.6667	0.6667	0.6667	0.6667	0.0	0.6667	1.0000	0.0	0.6667	0.6667	1.0000	0.6667	0.0	0.6667	0.6667	0.6667	0.6667	0.0	0.6667	0.0060	0.0030	0.0030	1.0000	1.0000	1.0000	1.0000	1.0000	
500	0.0942	0.0	0.1000	0.1200	0.0540	0.0667	0.0	0.1000	0.1250	0.1667	0.0000	0.0	0.0720	0.1847	0.1452	0.0770	0.1724	0.1509	0.1509	0.1509	0.1302	0.0824	0.0751	0.0644	0.0587	0.0000	0.0000	0.0885	0.4484	0.0421	0.1397	0.4484	0.0358	0.0556	0.2578	0.0979	0.0000	0.3300	0.2878	62	54	0.0	0.0	0.0161	0.1935	0.8710	0.0161	0.0	0.0323	0.4032	0.0806	0.0000	0.0	0.5806	0.1250	0.0	0.1000	0.1935	0.8710	0.0667	0.0	0.1000	0.4032	0.1667	0.0000	0.0	0.5806	0.1017	0.0540	0.0470	0.8710	0.8710	0.0000	1.0000	0.0000	
501	0.2208	0.0	0.4000	0.2800	0.0420	0.5333	0.0	0.4000	0.1650	0.4000	0.4000	0.0	0.0800	0.3904	0.2903	0.2323	0.5714	0.5714	0.3939	0.2976	0.2976	0.1749	0.1218	0.0000	0.0000	0.0000	0.0000	0.1979	0.5167	0.3109	0.4126	0.5167	0.3776	0.3144	0.4574	0.3333	0.3156	0.5082	0.4305	62	42	0.0	0.0	0.0645	0.4516	0.6774	0.1290	0.0	0.1290	0.5323	0.1935	0.0323	0.0	0.6452	0.3333	0.0	0.4000	0.4516	0.6774	0.5333	0.0	0.4000	0.5323	0.4000	0.4000	0.0	0.6452	0.0791	0.0420	0.0285	0.6774	0.6774	0.0000	1.0000	1.0000	
502	0.1510	0.0	0.7000	0.0900	0.0650	0.4667	0.0	0.3500	0.0700	0.2667	0.6000	0.0	0.1020	0.2776	0.1111	0.0992	0.7500	0.1636	0.1175	0.1175	0.1175	0.1175	0.1077	0.0991	0.0708	0.0000	0.0000	0.1304	0.5070	0.4877	0.1530	0.5070	0.3780	0.3147	0.1807	0.2531	0.4226	0.4320	0.3777	81	65	0.0	0.0	0.0864	0.1111	0.8025	0.0864	0.0	0.0864	0.1728	0.0988	0.0370	0.0	0.6296	0.5000	0.0	0.7000	0.1111	0.8025	0.4667	0.0	0.3500	0.1728	0.2667	0.6000	0.0	0.6296	0.1203	0.0650	0.0522	0.8025	0.8025	0.0000	1.0000	1.0000	
503	0.1249	0.0	0.3000	0.1200	0.0190	0.3333	0.0	0.3000	0.0800	0.2000	0.4000	0.0	0.0380	0.2505	0.1818	0.1488	0.5000	0.3636	0.1778	0.1507	0.1056	0.0762	0.0000	0.0000	0.0000	0.0000	0.0000	0.1157	0.3496	0.2415	0.2651	0.3496	0.2547	0.2288	0.3137	0.1935	0.3156	0.3496	0.3085	33	19	0.0	0.0	0.0909	0.3636	0.5758	0.1515	0.0	0.1818	0.4848	0.1818	0.0606	0.0	0.5758	0.3333	0.0	0.3000	0.3636	0.5758	0.3333	0.0	0.3000	0.4848	0.2000	0.4000	0.0	0.5758	0.0368	0.0190	0.0109	0.5758	0.5758	0.0000	1.0000	1.0000	
504	0.4517	0.0	0.7000	0.1000	0.0160	0.6000	0.0	0.4500	0.0700	0.3333	0.8000	0.0	0.0320	0.8226	0.5000	0.4537	1.0000	1.0000	0.8000	0.7778	0.6000	0.6000	0.0743	0.0743	0.0426	0.0000	0.0000	0.4308	0.7937	0.8145	0.7006	0.7937	0.7388	0.6740	0.7657	0.7006	0.8908	0.7937	0.8115	18	16	0.0	0.0	0.3889	0.5556	0.8889	0.5000	0.0	0.5000	0.7778	0.5556	0.2222	0.0	0.8889	1.0000	0.0	0.7000	0.5556	0.8889	0.6000	0.0	0.5000	0.7778	0.5556	0.8000	0.0	0.8889	0.0314	0.0160	0.0142	0.8889	0.8889	1.0000	1.0000	1.0000	
505	0.2843	0.0	0.5000	0.1100	0.0140	0.3333	0.0	0.3500	0.0600	0.3000	0.8000	0.0	0.0280	0.3648	0.2917	0.2691	1.0000	0.8000	0.5556	0.3438	0.3438	0.0839	0.0000	0.0000	0.0000	0.0000	0.0000	0.2490	0.4637	0.4241	0.4091	0.4637	0.3495	0.3569	0.4383	0.3674	0.5061	0.4637	0.4395	24	14	0.0	0.0	0.2083	0.4583	0.5833	0.2083	0.0	0.2917	0.5000	0.3750	0.1667	0.0	0.5833	1.0000	0.0	0.5000	0.4583	0.5833	0.3333	0.0	0.3500	0.5000	0.3750	0.8000	0.0	0.5833	0.0273	0.0140	0.0082	0.5833	0.5833	1.0000	1.0000	1.0000	
506	0.0816	0.0	0.1000	0.0100	0.0020	0.0667	0.0	0.0500	0.0050	0.0333	0.0000	0.0	0.0040	0.0741	0.0000	0.0000	0.1429	0.1429	0.1429	0.1429	0.1429	0.1429	0.0081	0.0081	0.0081	0.0081	0.0081	0.0755	0.2223	0.1267	0.1267	0.2223	0.1267	0.1267	0.1267	0.1267	0.0000	0.2223	0.1745	2	2	0.0	0.0	0.5000	0.5000	1.0000	0.5000	0.0	0.5000	0.5000	0.5000	0.0000	0.0	1.0000	0.1429	0.0	0.5000	0.5000	1.0000	0.5000	0.0	0.5000	0.5000	0.5000	0.0000	0.0	1.0000	0.0040	0.0020	0.0020	1.0000	1.0000	0.0000	1.0000	0.0000	
507	0.2958	0.0	0.4000	0.0700	0.0120	0.2667	0.0	0.2000	0.0500	0.1333	0.8000	0.0	0.0200	0.5793	0.2353	0.2353	1.0000	1.0000	1.0000	0.0814	0.0814	0.0571	0.0179	0.0157	0.0000	0.0000	0.0000	0.2592	0.5903	0.5868	0.5127	0.5903	0.4836	0.4542	0.5637	0.4542	0.7912	0.5637	0.5901	17	12	0.0	0.0	0.2353	0.4118	0.7059	0.2353	0.0	0.2353	0.5882	0.2353	0.2353	0.0	0.5882	1.0000	0.0	0.4000	0.4118	0.7059	0.2667	0.0	0.2353	0.5882	0.2353	0.8000	0.0	0.5882	0.0236	0.0120	0.0085	0.7059	0.7059	1.0000	1.0000	1.0000	
508	0.3390	0.0	0.6000	0.2300	0.0410	0.6000	0.0	0.6000	0.1450	0.4333	0.8000	0.0	0.0740	0.5208	0.3617	0.2929	1.0000	0.8333	0.6316	0.3902	0.3016	0.2353	0.1620	0.1269	0.0483	0.0000	0.0000	0.3057	0.6578	0.5345	0.4890	0.6578	0.5459	0.5537	0.5530	0.4591	0.5869	0.6270	0.5518	47	41	0.0	0.0	0.1277	0.4894	0.8723	0.1915	0.0	0.2553	0.6170	0.2766	0.0851	0.0	0.7872	1.0000	0.0	0.6000	0.4894	0.8723	0.6000	0.0	0.6000	0.6170	0.4333	0.8000	0.0	0.7872	0.0783	0.0410	0.0358	0.8723	0.8723	1.0000	1.0000	1.0000	
509	0.1720	0.0	0.4000	0.2700	0.0770	0.5333	0.0	0.5500	0.2150	0.4667	0.4000	0.0	0.1420	0.3625	0.2429	0.2822	0.5714	0.4857	0.2545	0.2320	0.1972	0.1512	0.0000	0.0000	0.0000	0.0000	0.0000	0.1576	0.4572	0.2857	0.3015	0.4572	0.3344	0.3632	0.3246	0.3673	0.2352	0.4375	0.4030	140	77	0.0	0.0	0.0286	0.1929	0.5500	0.0571	0.0	0.0786	0.3071	0.1000	0.0143	0.0	0.5071	0.3333	0.0	0.4000	0.2700	0.5500	0.5333	0.0	0.5500	0.3071	0.4667	0.4000	0.0	0.5071	0.1351	0.0770	0.0423	0.5500	0.5500	0.0000	1.0000	1.0000	
510	0.3920	0.0	0.9000	0.2000	0.0310	0.6667	0.0	0.5500	0.1200	0.4667	1.0000	0.0	0.0560	0.6109	0.3846	0.4339	1.0000	1.0000	0.9000	0.5909	0.4000	0.2151	0.1429	0.0631	0.0000	0.0000	0.0000	0.3784	0.7104	0.9306	0.5878	0.7104	0.7650	0.6704	0.6383	0.5872	1.0000	0.6815	0.7363	39	31	0.0	0.0	0.2308	0.5128	0.7949	0.2564	0.0	0.2821	0.6154	0.3590	0.1282	0.0	0.7179	1.0000	0.0	0.9000	0.5128	0.7949	0.6667	0.0	0.5500	0.6154	0.4667	1.0000	0.0	0.7179	0.0597	0.0310	0.0246	0.7949	0.7949	1.0000	1.0000	1.0000	
511	0.3583	0.0	0.6000	0.4600	0.1350	0.6667	0.0	0.6000	0.3250	0.6333	0.6000	0.0	0.2240	0.4732	0.3697	0.3207	1.0000	0.6667	0.5156	0.4762	0.3284	0.3123	0.2476	0.2248	0.1701	0.0000	0.0000	0.3220	0.6832	0.4684	0.4847	0.6832	0.5204	0.5061	0.4343	0.5770	0.4364	0.6077	0.5644	165	135	0.0	0.0	0.0364	0.2788	0.8182	0.0606	0.0	0.0727	0.3939	0.1152	0.0182	0.0	0.6788	1.0000	0.0	0.6000	0.4600	0.8182	0.6667	0.0	0.6000	0.3939	0.6333	0.6000	0.0	0.6788	0.2318	0.1350	0.1105	0.8182	0.8182	1.0000	1.0000	1.0000	
512	0.1776	0.0	0.2000	0.1000	0.0120	0.2667	0.0	0.2000	0.0600	0.1333	0.4000	0.0	0.0240	0.2376	0.2857	0.2092	0.4000	0.4000	0.2857	0.1892	0.1892	0.1892	0.1053	0.1053	0.0896	0.0000	0.0000	0.1595	0.4544	0.1804	0.4175	0.4544	0.2584	0.2584	0.4544	0.2584	0.2371	0.4544	0.3392	14	12	0.0	0.0	0.1429	0.7143	0.8571	0.2857	0.0	0.2857	0.8571	0.2857	0.1429	0.0	0.8571	0.2500	0.0	0.2000	0.7143	0.8571	0.2857	0.0	0.2857	0.8571	0.2857	0.4000	0.0	0.8571	0.0237	0.0120	0.0103	0.8571	0.8571	0.0000	1.0000	1.0000	
513	0.1066	0.0	0.0000	0.1600	0.0360	0.1333	0.0	0.1000	0.1250	0.2333	0.0000	0.0	0.0660	0.1938	0.2414	0.1290	0.2500	0.2500	0.2456	0.1420	0.1309	0.0951	0.0592	0.0000	0.0000	0.0000	0.0000	0.0919	0.3807	0.0000	0.2198	0.3807	0.1005	0.0876	0.2949	0.1648	0.0000	0.3609	0.2945	58	36	0.0	0.0	0.0000	0.2759	0.6207	0.0345	0.0	0.0345	0.4310	0.1207	0.0000	0.0	0.5690	0.0833	0.0	0.0000	0.2759	0.6207	0.1333	0.0	0.1000	0.4310	0.2333	0.0000	0.0	0.5690	0.0681	0.0360	0.0223	0.6207	0.6207	0.0000	0.0000	0.0000	
514	0.1509	0.0	0.2000	0.2200	0.0620	0.1333	0.0	0.2000	0.1350	0.3000	0.0000	0.0	0.1100	0.2428	0.2532	0.2045	0.3333	0.3333	0.3265	0.1714	0.1406	0.1242	0.1205	0.1102	0.0000	0.0000	0.0000	0.1397	0.4697	0.0773	0.2279	0.4697	0.0670	0.1230	0.2598	0.2024	0.0000	0.4256	0.3331	79	62	0.0	0.0	0.0253	0.2785	0.7848	0.0253	0.0	0.0506	0.3418	0.1139	0.0000	0.0	0.6962	0.1667	0.0	0.2000	0.2785	0.7848	0.1333	0.0	0.2000	0.3418	0.3000	0.0000	0.0	0.6962	0.1149	0.0620	0.0487	0.7848	0.7848	0.0000	1.0000	0.0000	
515	0.1181	0.0	0.1000	0.1500	0.0330	0.1333	0.0	0.1500	0.1000	0.2000	0.0000	0.0	0.0620	0.2482	0.1951	0.1136	0.2188	0.2188	0.2143	0.1912	0.1478	0.0987	0.0828	0.0684	0.0585	0.0000	0.0000	0.1096	0.4440	0.0784	0.2722	0.4440	0.1189	0.1263	0.3248	0.1526	0.0000	0.4303	0.3169	41	33	0.0	0.0	0.0244	0.3659	0.8049	0.0488	0.0	0.0732	0.4878	0.1463	0.0000	0.0	0.7561	0.1667	0.0	0.1000	0.3659	0.8049	0.1333	0.0	0.1500	0.4878	0.2000	0.0000	0.0	0.7561	0.0634	0.0330	0.0266	0.8049	0.8049	0.0000	1.0000	0.0000	
516	0.0809	0.0	0.0000	0.1300	0.0260	0.0667	0.0	0.0500	0.0700	0.0333	0.0000	0.0	0.0420	0.1551	0.0333	0.0222	0.1368	0.1368	0.1368	0.1368	0.1368	0.0701	0.0495	0.0495	0.0360	0.0000	0.0000	0.0685	0.3850	0.0000	0.2424	0.3850	0.0446	0.0405	0.2615	0.0347	0.0000	0.3417	0.2565	30	26	0.0	0.0	0.0000	0.4333	0.8667	0.0333	0.0	0.0333	0.4667	0.0333	0.0000	0.0	0.7000	0.0714	0.0	0.0000	0.4333	0.8667	0.0667	0.0	0.0500	0.4667	0.0333	0.0000	0.0	0.7000	0.0505	0.0260	0.0225	0.8667	0.8667	0.0000	0.0000	0.0000	
517	0.0520	0.0	0.1000	0.0900	0.0180	0.2667	0.0	0.2500	0.0700	0.2000	0.0000	0.0	0.0300	0.1722	0.1333	0.0950	0.2667	0.2059	0.0774	0.0220	0.0000	0.0000	0.0000	0.0000	0.0000	0.0000	0.0000	0.0376	0.2639	0.0810	0.1776	0.2639	0.1964	0.1964	0.2355	0.1954	0.0000	0.2416	0.2446	60	18	0.0	0.0	0.0167	0.1500	0.3000	0.0667	0.0	0.0833	0.2333	0.1000	0.0000	0.0	0.2500	0.1667	0.0	0.1000	0.1500	0.3000	0.2667	0.0	0.2500	0.2333	0.2000	0.0000	0.0	0.2500	0.0340	0.0180	0.0054	0.3000	0.3000	0.0000	1.0000	0.0000	
518	0.0641	0.0	0.2000	0.0900	0.0420	0.2000	0.0	0.2000	0.1000	0.1333	0.0000	0.0	0.0600	0.1878	0.1071	0.1207	0.2353	0.1525	0.1111	0.1040	0.0520	0.0504	0.0000	0.0000	0.0000	0.0000	0.0000	0.0517	0.3131	0.1012	0.1321	0.3131	0.1221	0.1358	0.2071	0.1043	0.0000	0.2605	0.2632	84	42	0.0	0.0	0.0238	0.1071	0.5000	0.0357	0.0	0.0476	0.2381	0.0476	0.0000	0.0	0.3571	0.1250	0.0	0.2000	0.1071	0.5000	0.2000	0.0	0.2000	0.2381	0.1333	0.0000	0.0	0.3571	0.0775	0.0420	0.0210	0.5000	0.5000	0.0000	1.0000	0.0000	
519	0.0550	0.0	0.1000	0.0800	0.0710	0.0667	0.0	0.1500	0.1200	0.1667	0.0000	0.0	0.1000	0.1446	0.1074	0.1217	0.1875	0.1239	0.1020	0.1020	0.0890	0.0000	0.0000	0.0000	0.0000	0.0000	0.0000	0.0495	0.3232	0.0353	0.0957	0.3232	0.0304	0.0928	0.1490	0.1259	0.0000	0.2457	0.2634	149	71	0.0	0.0	0.0067	0.0537	0.4765	0.0067	0.0	0.0201	0.1611	0.0336	0.0000	0.0	0.3356	0.1000	0.0	0.1000	0.0800	0.4765	0.0667	0.0	0.1500	0.1611	0.1667	0.0000	0.0	0.3356	0.1236	0.0710	0.0338	0.4765	0.4765	0.0000	1.0000	0.0000	
520	0.0497	0.0	0.1000	0.0400	0.0130	0.0667	0.0	0.1000	0.0250	0.0667	0.2000	0.0	0.0200	0.1248	0.1111	0.0556	0.2500	0.1176	0.0597	0.0306	0.0306	0.0306	0.0138	0.0136	0.0000	0.0000	0.0000	0.0387	0.2859	0.0777	0.1343	0.2859	0.0628	0.0884	0.1528	0.0884	0.1091	0.2318	0.2145	18	13	0.0	0.0	0.0556	0.2222	0.7222	0.0556	0.0	0.1111	0.2778	0.1111	0.0556	0.0	0.5556	0.2500	0.0	0.1000	0.2222	0.7222	0.0667	0.0	0.1111	0.2778	0.1111	0.2000	0.0	0.5556	0.0255	0.0130	0.0094	0.7222	0.7222	0.0000	1.0000	1.0000	
521	0.0921	0.0	0.3000	0.0300	0.0080	0.2000	0.0	0.1500	0.0200	0.1000	0.4000	0.0	0.0120	0.2637	0.0526	0.0505	1.0000	0.0132	0.0000	0.0000	0.0000	0.0000	0.0000	0.0000	0.0000	0.0000	0.0000	0.0333	0.2175	0.4298	0.1832	0.2175	0.3625	0.3180	0.1911	0.2605	0.4332	0.2054	0.2388	57	8	0.0	0.0	0.0526	0.0526	0.1404	0.0526	0.0	0.0526	0.0702	0.0526	0.0351	0.0	0.1053	1.0000	0.0	0.3000	0.0526	0.1404	0.2000	0.0	0.1500	0.0702	0.1000	0.4000	0.0	0.1053	0.0151	0.0080	0.0011	0.1404	0.1404	1.0000	1.0000	1.0000	
522	0.1153	0.0	0.1000	0.0400	0.0060	0.0667	0.0	0.1500	0.0200	0.1333	0.0000	0.0	0.0120	0.1127	0.0000	0.0000	0.1739	0.1739	0.1739	0.1739	0.1739	0.1739	0.1739	0.0128	0.0128	0.0128	0.0128	0.0988	0.3381	0.0699	0.2857	0.3381	0.0699	0.2350	0.2857	0.2857	0.0000	0.3381	0.2277	6	6	0.0	0.0	0.1667	0.6667	1.0000	0.1667	0.0	0.5000	0.6667	0.6667	0.0000	0.0	1.0000	0.1111	0.0	0.1667	0.6667	1.0000	0.1667	0.0	0.5000	0.6667	0.6667	0.0000	0.0	1.0000	0.0119	0.0060	0.0060	1.0000	1.0000	0.0000	1.0000	0.0000	
523	0.0628	0.0	0.0000	0.0100	0.0450	0.0000	0.0	0.0000	0.1200	0.0000	0.0000	0.0	0.0780	0.0951	0.0127	0.2426	0.1256	0.1256	0.1256	0.1256	0.1119	0.0769	0.0000	0.0000	0.0000	0.0000	0.0000	0.0485	0.2781	0.0000	0.0073	0.2781	0.0000	0.0000	0.1472	0.0000	0.0000	0.2396	0.2005	79	45	0.0	0.0	0.0000	0.0127	0.5696	0.0000	0.0	0.0000	0.3038	0.0000	0.0000	0.0	0.4937	0.0238	0.0	0.0000	0.0127	0.5696	0.0000	0.0	0.0000	0.3038	0.0000	0.0000	0.0	0.4937	0.0834	0.0450	0.0256	0.5696	0.5696	0.0000	0.0000	0.0000	
524	0.1468	0.0	0.3000	0.1000	0.0220	0.3333	0.0	0.2500	0.0500	0.2000	0.4000	0.0	0.0320	0.3007	0.1714	0.1380	1.0000	0.3333	0.1296	0.0529	0.0350	0.0350	0.0285	0.0000	0.0000	0.0000	0.0000	0.1064	0.4224	0.2616	0.3112	0.4224	0.3487	0.3038	0.3112	0.2663	0.2817	0.3698	0.3771	35	22	0.0	0.0	0.0857	0.2857	0.6286	0.1429	0.0	0.1429	0.2857	0.1714	0.0571	0.0	0.4571	1.0000	0.0	0.3000	0.2857	0.6286	0.3333	0.0	0.2500	0.2857	0.2000	0.4000	0.0	0.4571	0.0425	0.0220	0.0138	0.6286	0.6286	1.0000	1.0000	1.0000	
525	0.1328	0.0	0.0000	0.1500	0.0310	0.0667	0.0	0.1000	0.1100	0.2000	0.0000	0.0	0.0540	0.1909	0.2439	0.1904	0.2619	0.2619	0.2619	0.2500	0.1696	0.1364	0.0708	0.0487	0.0000	0.0000	0.0000	0.1095	0.4073	0.0000	0.2512	0.4073	0.0321	0.0527	0.3238	0.1144	0.0000	0.3762	0.2841	41	31	0.0	0.0	0.0000	0.3659	0.7561	0.0244	0.0	0.0488	0.5366	0.1463	0.0000	0.0	0.6585	0.0833	0.0	0.0000	0.3659	0.7561	0.0667	0.0	0.1000	0.5366	0.2000	0.0000	0.0	0.6585	0.0596	0.0310	0.0234	0.7561	0.7561	0.0000	0.0000	0.0000	
526	0.0808	0.0	0.0000	0.0800	0.0480	0.0000	0.0	0.0000	0.0900	0.0333	0.0000	0.0	0.0560	0.1965	0.1020	0.0433	0.1282	0.1282	0.1159	0.1159	0.0985	0.0661	0.0603	0.0586	0.0586	0.0586	0.0000	0.0751	0.4617	0.0000	0.0979	0.4617	0.0000	0.0000	0.1959	0.0122	0.0000	0.2955	0.2577	49	48	0.0	0.0	0.0000	0.1633	0.9796	0.0000	0.0	0.0000	0.3673	0.0204	0.0000	0.0	0.5714	0.0476	0.0	0.0000	0.1633	0.9796	0.0000	0.0	0.0000	0.3673	0.0333	0.0000	0.0	0.5714	0.0915	0.0480	0.0470	0.9796	0.9796	0.0000	0.0000	0.0000	
527	0.2408	0.0	0.8000	0.2300	0.0680	0.8000	0.0	0.7000	0.1400	0.5333	0.6000	0.0	0.0840	0.4402	0.2366	0.2648	0.8333	0.8333	0.4872	0.1728	0.1022	0.0819	0.0689	0.0688	0.0000	0.0000	0.0000	0.1990	0.5501	0.5541	0.3309	0.5501	0.5872	0.5663	0.3601	0.5074	0.2574	0.4359	0.4791	93	68	0.0	0.0	0.0860	0.2473	0.7312	0.1290	0.0	0.1505	0.3011	0.1720	0.0323	0.0	0.4516	0.5000	0.0	0.8000	0.2473	0.7312	0.8000	0.0	0.7000	0.3011	0.5333	0.6000	0.0	0.4516	0.1244	0.0680	0.0497	0.7312	0.7312	0.0000	1.0000	1.0000	
528	0.3958	0.0	0.2000	0.0500	0.0050	0.1333	0.0	0.1000	0.0250	0.0667	0.4000	0.0	0.0100	0.8089	0.3333	0.3333	1.0000	1.0000	1.0000	1.0000	0.0857	0.0857	0.0690	0.0568	0.0568	0.0000	0.0000	0.3686	0.7658	0.6609	0.7658	0.7658	0.6609	0.6609	0.7658	0.6609	0.7123	0.7658	0.8277	6	5	0.0	0.0	0.3333	0.8333	0.8333	0.3333	0.0	0.3333	0.8333	0.3333	0.3333	0.0	0.8333	1.0000	0.0	0.3333	0.8333	0.8333	0.3333	0.0	0.3333	0.8333	0.3333	0.4000	0.0	0.8333	0.0099	0.0050	0.0042	0.8333	0.8333	1.0000	1.0000	1.0000	
529	0.3177	0.0	0.5000	0.2200	0.0350	0.4667	0.0	0.5000	0.1300	0.4667	0.4000	0.0	0.0660	0.4272	0.3846	0.3261	0.6667	0.5833	0.5556	0.5455	0.3902	0.3387	0.1875	0.1346	0.0930	0.0000	0.0000	0.3009	0.6178	0.3962	0.4912	0.6178	0.3996	0.4524	0.5348	0.4428	0.2227	0.6012	0.4826	39	35	0.0	0.0	0.1282	0.5641	0.8974	0.1795	0.0	0.2564	0.6667	0.3590	0.0513	0.0	0.8462	0.5000	0.0	0.5000	0.5641	0.8974	0.4667	0.0	0.5000	0.6667	0.4667	0.4000	0.0	0.8462	0.0674	0.0350	0.0314	0.8974	0.8974	0.0000	1.0000	1.0000	
530	0.3582	0.0	0.8000	0.4800	0.0910	0.8000	0.0	0.7000	0.2850	0.6000	0.8000	0.0	0.1460	0.5403	0.4032	0.3863	1.0000	0.8235	0.6190	0.5588	0.4505	0.2470	0.1410	0.1001	0.0000	0.0000	0.0000	0.3228	0.6409	0.5549	0.5180	0.6409	0.6166	0.6169	0.5024	0.5824	0.4586	0.5728	0.5821	124	91	0.0	0.0	0.0645	0.3871	0.7339	0.0968	0.0	0.1129	0.4597	0.1452	0.0323	0.0	0.5887	1.0000	0.0	0.8000	0.4800	0.7339	0.8000	0.0	0.7000	0.4597	0.6000	0.8000	0.0	0.5887	0.1619	0.0910	0.0668	0.7339	0.7339	1.0000	1.0000	1.0000	
532	0.2616	0.0	0.6000	0.1400	0.0320	0.4667	0.0	0.4000	0.0850	0.3000	0.6000	0.0	0.0500	0.4232	0.2941	0.2405	1.0000	0.6667	0.5000	0.1964	0.1728	0.1214	0.0675	0.0549	0.0527	0.0451	0.0000	0.2287	0.6057	0.4896	0.4234	0.6057	0.4427	0.4393	0.4690	0.3789	0.3424	0.5451	0.4902	34	32	0.0	0.0	0.1765	0.4118	0.9412	0.2059	0.0	0.2353	0.5000	0.2647	0.0882	0.0	0.7353	1.0000	0.0	0.6000	0.4118	0.9412	0.4667	0.0	0.4000	0.5000	0.3000	0.6000	0.0	0.7353	0.0717	0.0373	0.0351	0.9412	0.9412	1.0000	1.0000	1.0000	
533	0.2371	0.0	0.9000	0.2100	0.0430	0.8000	0.0	0.6500	0.1350	0.4333	0.8000	0.0	0.0780	0.6276	0.2597	0.2107	1.0000	0.9167	0.3077	0.1908	0.1088	0.0837	0.0000	0.0000	0.0000	0.0000	0.0000	0.2165	0.5921	0.8501	0.4590	0.5921	0.8180	0.7513	0.4987	0.6298	0.7840	0.5722	0.6123	77	43	0.0	0.0	0.1169	0.2727	0.5584	0.1558	0.0	0.1688	0.3506	0.1688	0.0519	0.0	0.5065	1.0000	0.0	0.9000	0.2727	0.5584	0.8000	0.0	0.6500	0.3506	0.4333	0.8000	0.0	0.5065	0.0799	0.0430	0.0240	0.5584	0.5584	1.0000	1.0000	1.0000	
534	0.0049	0.0	0.0000	0.0100	0.0030	0.0000	0.0	0.0000	0.0050	0.0000	0.0000	0.0	0.0060	0.0323	0.0000	0.0000	0.0167	0.0167	0.0105	0.0105	0.0000	0.0000	0.0000	0.0000	0.0000	0.0000	0.0000	0.0044	0.0968	0.0000	0.0302	0.0968	0.0000	0.0000	0.0302	0.0000	0.0000	0.0968	0.0857	8	3	0.0	0.0	0.0000	0.1250	0.3750	0.0000	0.0	0.0000	0.1250	0.0000	0.0000	0.0	0.3750	0.0167	0.0	0.0000	0.1250	0.3750	0.0000	0.0	0.0000	0.1250	0.0000	0.0000	0.0	0.3750	0.0060	0.0030	0.0011	0.3750	0.3750	0.0000	0.0000	0.0000	
535	0.0455	0.0	0.1000	0.0800	0.0160	0.2000	0.0	0.1500	0.0450	0.1667	0.2000	0.0	0.0220	0.1189	0.1522	0.0931	0.2500	0.1923	0.0358	0.0223	0.0000	0.0000	0.0000	0.0000	0.0000	0.0000	0.0000	0.0362	0.2230	0.0777	0.1456	0.2230	0.1386	0.1183	0.1557	0.1357	0.1091	0.1741	0.2024	46	16	0.0	0.0	0.0217	0.1739	0.3478	0.0652	0.0	0.0652	0.1957	0.1087	0.0217	0.0	0.2391	0.2500	0.0	0.1000	0.1739	0.3478	0.2000	0.0	0.1500	0.1957	0.1667	0.2000	0.0	0.2391	0.0306	0.0160	0.0056	0.3478	0.3478	0.0000	1.0000	1.0000	
536	0.1313	0.0	0.1000	0.1000	0.0150	0.1333	0.0	0.1000	0.0600	0.2000	0.2000	0.0	0.0280	0.1663	0.1053	0.0776	0.3333	0.2143	0.2143	0.2143	0.2045	0.1724	0.0628	0.0282	0.0000	0.0000	0.0000	0.1179	0.3992	0.0902	0.3029	0.3992	0.1135	0.0997	0.3566	0.2093	0.1266	0.3862	0.2893	19	15	0.0	0.0	0.0526	0.5263	0.7895	0.1053	0.0	0.1053	0.6316	0.3158	0.0526	0.0	0.7368	0.3333	0.0	0.1000	0.5263	0.7895	0.1333	0.0	0.1053	0.6316	0.3158	0.2000	0.0	0.7368	0.0294	0.0150	0.0118	0.7895	0.7895	0.0000	1.0000	1.0000	
537	0.0070	0.0	0.0000	0.0000	0.0080	0.0000	0.0	0.0000	0.0200	0.0000	0.0000	0.0	0.0080	0.0460	0.0000	0.0000	0.0267	0.0267	0.0119	0.0119	0.0000	0.0000	0.0000	0.0000	0.0000	0.0000	0.0000	0.0045	0.1381	0.0000	0.0000	0.1381	0.0000	0.0000	0.0960	0.0000	0.0000	0.0960	0.1240	25	8	0.0	0.0	0.0000	0.0000	0.3200	0.0000	0.0	0.0000	0.1600	0.0000	0.0000	0.0	0.1600	0.0078	0.0	0.0000	0.0000	0.3200	0.0000	0.0	0.0000	0.1600	0.0000	0.0000	0.0	0.1600	0.0156	0.0080	0.0026	0.3200	0.3200	0.0000	0.0000	0.0000	
538	0.4026	0.0	0.2000	0.0200	0.0020	0.1333	0.0	0.1000	0.0100	0.0667	0.2000	0.0	0.0040	0.4890	0.5000	0.2500	0.5000	0.5000	0.5000	0.5000	0.5000	0.5000	0.2857	0.2857	0.2857	0.2857	0.2857	0.3929	0.5912	0.5912	0.5912	0.5912	0.5912	0.5912	0.5912	0.5912	0.3869	0.5912	0.4890	2	2	0.0	0.0	1.0000	1.0000	1.0000	1.0000	0.0	1.0000	1.0000	1.0000	0.5000	0.0	1.0000	0.5000	0.0	1.0000	1.0000	1.0000	1.0000	0.0	1.0000	1.0000	1.0000	0.5000	0.0	1.0000	0.0050	0.0025	0.0025	1.0000	1.0000	0.0000	1.0000	1.0000	
539	0.1901	0.0	0.3000	0.0800	0.0270	0.2000	0.0	0.2500	0.0600	0.1667	0.6000	0.0	0.0440	0.6005	0.1724	0.1403	1.0000	0.6000	0.1364	0.0694	0.0659	0.0533	0.0533	0.0473	0.0375	0.0285	0.0000	0.1524	0.6282	0.5514	0.4149	0.6282	0.4544	0.4480	0.4668	0.3668	0.7435	0.5787	0.5545	29	27	0.0	0.0	0.1034	0.2759	0.9310	0.1034	0.0	0.1724	0.4138	0.1724	0.1034	0.0	0.7586	1.0000	0.0	0.3000	0.2759	0.9310	0.2000	0.0	0.2500	0.4138	0.1724	0.6000	0.0	0.7586	0.0525	0.0270	0.0251	0.9310	0.9310	1.0000	1.0000	1.0000	
540	0.1139	0.0	0.1000	0.0300	0.0110	0.0667	0.0	0.0500	0.0200	0.0333	0.2000	0.0	0.0200	0.3250	0.0833	0.0833	1.0000	0.0435	0.0370	0.0280	0.0255	0.0255	0.0255	0.0255	0.0234	0.0187	0.0000	0.1057	0.4536	0.2201	0.2626	0.4536	0.1964	0.1964	0.2900	0.1964	0.3392	0.4323	0.4115	12	11	0.0	0.0	0.0833	0.2500	0.9167	0.0833	0.0	0.0833	0.3333	0.0833	0.0833	0.0	0.8333	1.0000	0.0	0.1000	0.2500	0.9167	0.0833	0.0	0.0833	0.3333	0.0833	0.2000	0.0	0.8333	0.0217	0.0110	0.0101	0.9167	0.9167	1.0000	1.0000	1.0000	
541	0.2847	0.0	0.7000	0.5200	0.2130	0.6667	0.0	0.6500	0.4750	0.5333	0.6000	0.0	0.3420	0.4753	0.3548	0.4810	1.0000	0.5789	0.5789	0.3742	0.3690	0.2308	0.0000	0.0000	0.0000	0.0000	0.0000	0.2475	0.5403	0.5566	0.5151	0.5403	0.5632	0.5683	0.4859	0.5165	0.4653	0.4632	0.5086	372	213	0.0	0.0	0.0188	0.1398	0.5726	0.0269	0.0	0.0349	0.2554	0.0430	0.0081	0.0	0.4597	1.0000	0.0	0.7000	0.5200	0.5726	0.6667	0.0	0.6500	0.4750	0.5333	0.6000	0.0	0.4597	0.3105	0.2130	0.1220	0.5726	0.5726	1.0000	1.0000	1.0000	
542	0.0004	0.0	0.0000	0.0000	0.0030	0.0000	0.0	0.0000	0.0000	0.0000	0.0000	0.0	0.0040	0.0119	0.0000	0.0000	0.0048	0.0000	0.0000	0.0000	0.0000	0.0000	0.0000	0.0000	0.0000	0.0000	0.0000	0.0004	0.0356	0.0000	0.0000	0.0356	0.0000	0.0000	0.0000	0.0000	0.0000	0.0189	0.0345	38	3	0.0	0.0	0.0000	0.0000	0.0789	0.0000	0.0	0.0000	0.0000	0.0000	0.0000	0.0	0.0526	0.0045	0.0	0.0000	0.0000	0.0789	0.0000	0.0	0.0000	0.0000	0.0000	0.0000	0.0	0.0526	0.0058	0.0030	0.0002	0.0789	0.0789	0.0000	0.0000	0.0000	
543	0.0002	0.0	0.0000	0.0000	0.0010	0.0000	0.0	0.0000	0.0000	0.0000	0.0000	0.0	0.0020	0.0073	0.0000	0.0000	0.0025	0.0000	0.0000	0.0000	0.0000	0.0000	0.0000	0.0000	0.0000	0.0000	0.0000	0.0001	0.0146	0.0000	0.0000	0.0146	0.0000	0.0000	0.0000	0.0000	0.0000	0.0146	0.0146	24	1	0.0	0.0	0.0000	0.0000	0.0417	0.0000	0.0	0.0000	0.0000	0.0000	0.0000	0.0	0.0417	0.0025	0.0	0.0000	0.0000	0.0417	0.0000	0.0	0.0000	0.0000	0.0000	0.0000	0.0	0.0417	0.0020	0.0010	0.0000	0.0417	0.0417	0.0000	0.0000	0.0000	
544	0.5755	0.0	0.7000	0.8100	0.2940	0.8000	0.0	0.8000	0.6850	0.8333	0.8000	0.0	0.4340	0.6343	0.5586	0.6594	1.0000	0.8519	0.8137	0.7597	0.7081	0.6318	0.5200	0.4158	0.3355	0.2945	0.0000	0.5573	0.7942	0.4727	0.5831	0.7942	0.5461	0.5545	0.5840	0.5994	0.4152	0.6466	0.6360	324	294	0.0	0.0	0.0216	0.2500	0.9074	0.0370	0.0	0.0494	0.4228	0.0772	0.0123	0.0	0.6698	1.0000	0.0	0.7000	0.8100	0.9074	0.8000	0.0	0.8000	0.6850	0.8333	0.8000	0.0	0.6698	0.4441	0.2940	0.2668	0.9074	0.9074	1.0000	1.0000	1.0000	
545	0.2768	0.0	0.3000	0.1900	0.0280	0.3333	0.0	0.3000	0.1200	0.3333	0.4000	0.0	0.0540	0.4749	0.3438	0.2578	1.0000	0.3750	0.3750	0.3548	0.3171	0.1980	0.1980	0.1333	0.0932	0.0000	0.0000	0.2524	0.6484	0.4252	0.5286	0.6484	0.4194	0.3820	0.6036	0.3794	0.5531	0.6367	0.5461	32	28	0.0	0.0	0.0938	0.5938	0.8750	0.1562	0.0	0.1875	0.7500	0.3125	0.0625	0.0	0.8438	1.0000	0.0	0.3000	0.5938	0.8750	0.3333	0.0	0.3000	0.7500	0.3333	0.4000	0.0	0.8438	0.0543	0.0280	0.0245	0.8750	0.8750	1.0000	1.0000	1.0000	
546	0.0924	0.0	0.2000	0.1100	0.0250	0.1333	0.0	0.1000	0.1050	0.1667	0.0000	0.0	0.0460	0.1728	0.1389	0.0741	0.2000	0.1667	0.1379	0.1364	0.1364	0.1364	0.1023	0.0000	0.0000	0.0000	0.0000	0.0805	0.3786	0.1335	0.2196	0.3786	0.1115	0.0972	0.3422	0.1542	0.0000	0.3616	0.2847	36	25	0.0	0.0	0.0556	0.3056	0.6944	0.0556	0.0	0.0556	0.5833	0.1389	0.0000	0.0	0.6389	0.1111	0.0	0.2000	0.3056	0.6944	0.1333	0.0	0.1000	0.5833	0.1667	0.0000	0.0	0.6389	0.0483	0.0250	0.0174	0.6944	0.6944	0.0000	1.0000	0.0000	
547	0.1234	0.0	0.1000	0.2500	0.0960	0.1333	0.0	0.1500	0.1950	0.1333	0.0000	0.0	0.1420	0.3329	0.2014	0.1739	0.2857	0.2857	0.2071	0.1721	0.1451	0.1423	0.1197	0.0000	0.0000	0.0000	0.0000	0.1143	0.4753	0.0636	0.2210	0.4753	0.0969	0.1154	0.2395	0.1122	0.0000	0.3781	0.3553	144	96	0.0	0.0	0.0069	0.1736	0.6667	0.0139	0.0	0.0208	0.2708	0.0278	0.0000	0.0	0.4931	0.1000	0.0	0.1000	0.2500	0.6667	0.1333	0.0	0.1500	0.2708	0.1333	0.0000	0.0	0.4931	0.1678	0.0960	0.0640	0.6667	0.6667	0.0000	1.0000	0.0000	
548	0.4545	0.0	0.2000	0.0200	0.0020	0.1333	0.0	0.1000	0.0100	0.0667	0.4000	0.0	0.0040	0.5055	0.5000	0.2500	0.5000	0.5000	0.5000	0.5000	0.5000	0.5000	0.4000	0.4000	0.4000	0.4000	0.4000	0.4500	0.6241	0.6241	0.6241	0.6241	0.6241	0.6241	0.6241	0.6241	0.6241	0.6241	0.5055	2	2	0.0	0.0	1.0000	1.0000	1.0000	1.0000	0.0	1.0000	1.0000	1.0000	1.0000	0.0	1.0000	0.5000	0.0	1.0000	1.0000	1.0000	1.0000	0.0	1.0000	1.0000	1.0000	1.0000	0.0	1.0000	0.0040	0.0020	0.0020	1.0000	1.0000	0.0000	1.0000	1.0000	
549	0.2282	0.0	0.5000	0.3100	0.2460	0.4667	0.0	0.4500	0.2900	0.4333	0.6000	0.0	0.3160	0.3824	0.3297	0.3299	0.6000	0.3362	0.3362	0.3362	0.3239	0.2994	0.2783	0.0000	0.0000	0.0000	0.0000	0.2116	0.5555	0.3375	0.2879	0.5555	0.3281	0.3395	0.2620	0.3415	0.3621	0.3930	0.4308	367	246	0.0	0.0	0.0136	0.0845	0.6703	0.0191	0.0	0.0245	0.1580	0.0354	0.0082	0.0	0.4305	0.3333	0.0	0.5000	0.3100	0.6703	0.4667	0.0	0.4500	0.2900	0.4333	0.6000	0.0	0.4305	0.3599	0.2460	0.1649	0.6703	0.6703	0.0000	1.0000	1.0000	
550	0.0768	0.0	0.2000	0.0600	0.0260	0.2000	0.0	0.2000	0.0700	0.1333	0.4000	0.0	0.0440	0.1960	0.1000	0.0800	0.5000	0.1667	0.0795	0.0561	0.0430	0.0000	0.0000	0.0000	0.0000	0.0000	0.0000	0.0475	0.2778	0.2240	0.1413	0.2778	0.2173	0.1976	0.2085	0.1519	0.3452	0.2567	0.2561	60	26	0.0	0.0	0.0333	0.1000	0.4333	0.0500	0.0	0.0667	0.2333	0.0667	0.0333	0.0	0.3667	0.5000	0.0	0.2000	0.1000	0.4333	0.2000	0.0	0.2000	0.2333	0.1333	0.4000	0.0	0.3667	0.0491	0.0260	0.0113	0.4333	0.4333	0.0000	1.0000	1.0000	

